-9.5493 -9.47272 -7.97862 -5.53268 -3.83534 -2.11147 -0.373448 -0 -0 -0 
-10.6952 -10.3724 -7.97862 -4.9197 -3.19872 -1.47485 -0 -0 -0 -0 
-11.5865 -10.905 -7.97862 -4.70518 -2.5621 -0.838235 -0 -0 -0 -0 
-12.2231 -10.9475 -7.97862 -4.69916 -1.92548 -0.215126 -0 -0 -0 -0 
-12.6051 -10.9475 -7.97862 -4.69916 -1.38641 -0 -0 -0 -0 -0 
-12.7324 -10.9475 -7.97862 -4.69916 -1.30448 -0 -0 -0 -0 -0 
-12.6051 -10.9475 -7.97862 -4.69916 -1.38641 -0 -0 -0 -0 -0 
-12.2231 -10.9475 -7.97862 -4.69916 -1.92548 -0.215126 -0 -0 -0 -0 
-11.5865 -10.905 -7.97862 -4.70518 -2.5621 -0.838235 -0 -0 -0 -0 
-10.6952 -10.3724 -7.97862 -4.9197 -3.19872 -1.47485 -0 -0 -0 -0 
-9.5493 -9.47272 -7.97862 -5.53268 -3.83534 -2.11147 -0.373448 -0 -0 -0 

-2.26168 -2.24354 -1.88967 -1.31037 -0.90837 -0.500086 -0.0884482 -0 -0 -0 
-2.53308 -2.45662 -1.88967 -1.16519 -0.757591 -0.349308 -0 -0 -0 -0 
-2.74417 -2.58277 -1.88967 -1.11438 -0.606813 -0.198529 -0 -0 -0 -0 
-2.89494 -2.59282 -1.88967 -1.11296 -0.456035 -0.0509509 -0 -0 -0 -0 
-2.98541 -2.59282 -1.88967 -1.11296 -0.32836 -0 -0 -0 -0 -0 
-3.01557 -2.59282 -1.88967 -1.11296 -0.308956 -0 -0 -0 -0 -0 
-2.98541 -2.59282 -1.88967 -1.11296 -0.32836 -0 -0 -0 -0 -0 
-2.89494 -2.59282 -1.88967 -1.11296 -0.456035 -0.0509509 -0 -0 -0 -0 
-2.74417 -2.58277 -1.88967 -1.11438 -0.606813 -0.198529 -0 -0 -0 -0 
-2.53308 -2.45662 -1.88967 -1.16519 -0.757591 -0.349308 -0 -0 -0 -0 
-2.26168 -2.24354 -1.88967 -1.31037 -0.90837 -0.500086 -0.0884482 -0 -0 -0 

-1.28274 -1.27246 -1.07175 -0.743196 -0.515195 -0.283631 -0.0501646 -0 -0 -0 
-1.43667 -1.39331 -1.07175 -0.660856 -0.429679 -0.198115 -0 -0 -0 -0 
-1.55639 -1.46486 -1.07175 -0.632039 -0.344163 -0.112599 -0 -0 -0 -0 
-1.64191 -1.47055 -1.07175 -0.63123 -0.258647 -0.0288975 -0 -0 -0 -0 
-1.69322 -1.47055 -1.07175 -0.63123 -0.186234 -0 -0 -0 -0 -0 
-1.71032 -1.47055 -1.07175 -0.63123 -0.175229 -0 -0 -0 -0 -0 
-1.69322 -1.47055 -1.07175 -0.63123 -0.186234 -0 -0 -0 -0 -0 
-1.64191 -1.47055 -1.07175 -0.63123 -0.258647 -0.0288975 -0 -0 -0 -0 
-1.55639 -1.46486 -1.07175 -0.632039 -0.344163 -0.112599 -0 -0 -0 -0 
-1.43667 -1.39331 -1.07175 -0.660856 -0.429679 -0.198115 -0 -0 -0 -0 
-1.28274 -1.27246 -1.07175 -0.743196 -0.515195 -0.283631 -0.0501646 -0 -0 -0 

-0.895247 -0.888068 -0.747996 -0.518689 -0.359563 -0.197951 -0.0350107 -0 -0 -0 
-1.00268 -0.972414 -0.747996 -0.461222 -0.29988 -0.138268 -0 -0 -0 -0 
-1.08623 -1.02235 -0.747996 -0.441111 -0.240197 -0.0785845 -0 -0 -0 -0 
-1.14592 -1.02632 -0.747996 -0.440546 -0.180514 -0.0201681 -0 -0 -0 -0 
-1.18173 -1.02632 -0.747996 -0.440546 -0.129976 -0 -0 -0 -0 -0 
-1.19366 -1.02632 -0.747996 -0.440546 -0.122295 -0 -0 -0 -0 -0 
-1.18173 -1.02632 -0.747996 -0.440546 -0.129976 -0 -0 -0 -0 -0 
-1.14592 -1.02632 -0.747996 -0.440546 -0.180514 -0.0201681 -0 -0 -0 -0 
-1.08623 -1.02235 -0.747996 -0.441111 -0.240197 -0.0785845 -0 -0 -0 -0 
-1.00268 -0.972414 -0.747996 -0.461222 -0.29988 -0.138268 -0 -0 -0 -0 
-0.895247 -0.888068 -0.747996 -0.518689 -0.359563 -0.197951 -0.0350107 -0 -0 -0 

-0.687549 -0.682036 -0.574461 -0.398353 -0.276144 -0.152026 -0.0268882 -0 -0 -0 
-0.770055 -0.746814 -0.574461 -0.354219 -0.230308 -0.10619 -0 -0 -0 -0 
-0.834227 -0.785163 -0.574461 -0.338773 -0.184471 -0.0603529 -0 -0 -0 -0 
-0.880063 -0.788217 -0.574461 -0.338339 -0.138635 -0.0154891 -0 -0 -0 -0 
-0.907565 -0.788217 -0.574461 -0.338339 -0.0998214 -0 -0 -0 -0 -0 
-0.916732 -0.788217 -0.574461 -0.338339 -0.0939226 -0 -0 -0 -0 -0 
-0.907565 -0.788217 -0.574461 -0.338339 -0.0998214 -0 -0 -0 -0 -0 
-0.880063 -0.788217 -0.574461 -0.338339 -0.138635 -0.0154891 -0 -0 -0 -0 
-0.834227 -0.785163 -0.574461 -0.338773 -0.184471 -0.0603529 -0 -0 -0 -0 
-0.770055 -0.746814 -0.574461 -0.354219 -0.230308 -0.10619 -0 -0 -0 -0 
-0.687549 -0.682036 -0.574461 -0.398353 -0.276144 -0.152026 -0.0268882 -0 -0 -0 

-0.558076 -0.553601 -0.466283 -0.323338 -0.224143 -0.123398 -0.0218249 -0 -0 -0 
-0.625045 -0.60618 -0.466283 -0.287515 -0.186938 -0.0861928 -0 -0 -0 -0 
-0.677132 -0.637308 -0.466283 -0.274978 -0.149733 -0.0489877 -0 -0 -0 -0 
-0.714337 -0.639787 -0.466283 -0.274626 -0.112528 -0.0125723 -0 -0 -0 -0 
-0.73666 -0.639787 -0.466283 -0.274626 -0.0810238 -0 -0 -0 -0 -0 
-0.744101 -0.639787 -0.466283 -0.274626 -0.0762359 -0 -0 -0 -0 -0 
-0.73666 -0.639787 -0.466283 -0.274626 -0.0810238 -0 -0 -0 -0 -0 
-0.714337 -0.639787 -0.466283 -0.274626 -0.112528 -0.0125723 -0 -0 -0 -0 
-0.677132 -0.637308 -0.466283 -0.274978 -0.149733 -0.0489877 -0 -0 -0 -0 
-0.625045 -0.60618 -0.466283 -0.287515 -0.186938 -0.0861928 -0 -0 -0 -0 
-0.558076 -0.553601 -0.466283 -0.323338 -0.224143 -0.123398 -0.0218249 -0 -0 -0 

-0.469638 -0.465872 -0.392391 -0.272099 -0.188623 -0.103843 -0.0183663 -0 -0 -0 
-0.525994 -0.510119 -0.392391 -0.241953 -0.157314 -0.0725338 -0 -0 -0 -0 
-0.569827 -0.536314 -0.392391 -0.231402 -0.126005 -0.0412247 -0 -0 -0 -0 
-0.601136 -0.5384 -0.392391 -0.231106 -0.0946957 -0.01058 -0 -0 -0 -0 
-0.619922 -0.5384 -0.392391 -0.231106 -0.068184 -0 -0 -0 -0 -0 
-0.626183 -0.5384 -0.392391 -0.231106 -0.0641548 -0 -0 -0 -0 -0 
-0.619922 -0.5384 -0.392391 -0.231106 -0.068184 -0 -0 -0 -0 -0 
-0.601136 -0.5384 -0.392391 -0.231106 -0.0946957 -0.01058 -0 -0 -0 -0 
-0.569827 -0.536314 -0.392391 -0.231402 -0.126005 -0.0412247 -0 -0 -0 -0 
-0.525994 -0.510119 -0.392391 -0.241953 -0.157314 -0.0725338 -0 -0 -0 -0 
-0.469638 -0.465872 -0.392391 -0.272099 -0.188623 -0.103843 -0.0183663 -0 -0 -0 

-0.405395 -0.402144 -0.338715 -0.234878 -0.162821 -0.0896381 -0.0158539 -0 -0 -0 
-0.454042 -0.440338 -0.338715 -0.208855 -0.135795 -0.0626117 -0 -0 -0 -0 
-0.491879 -0.46295 -0.338715 -0.199748 -0.108768 -0.0355854 -0 -0 -0 -0 
-0.518905 -0.464751 -0.338715 -0.199493 -0.0817421 -0.00913271 -0 -0 -0 -0 
-0.535121 -0.464751 -0.338715 -0.199493 -0.0588569 -0 -0 -0 -0 -0 
-0.540526 -0.464751 -0.338715 -0.199493 -0.0553789 -0 -0 -0 -0 -0 
-0.535121 -0.464751 -0.338715 -0.199493 -0.0588569 -0 -0 -0 -0 -0 
-0.518905 -0.464751 -0.338715 -0.199493 -0.0817421 -0.00913271 -0 -0 -0 -0 
-0.491879 -0.46295 -0.338715 -0.199748 -0.108768 -0.0355854 -0 -0 -0 -0 
-0.454042 -0.440338 -0.338715 -0.208855 -0.135795 -0.0626117 -0 -0 -0 -0 
-0.405395 -0.402144 -0.338715 -0.234878 -0.162821 -0.0896381 -0.0158539 -0 -0 -0 

-0.367046 -0.369966 -0.314339 -0.210666 -0.143228 -0.0788517 -0.0139462 -0 -0 -0 
-0.413424 -0.404765 -0.310879 -0.183723 -0.119454 -0.0550776 -0 -0 -0 -0 
-0.449888 -0.423852 -0.305539 -0.175712 -0.0956801 -0.0313034 -0 -0 -0 -0 
-0.476046 -0.422644 -0.300259 -0.175487 -0.0719059 -0.00803375 -0 -0 -0 -0 
-0.491517 -0.419075 -0.297957 -0.175487 -0.0517746 -0 -0 -0 -0 -0 
-0.496351 -0.418073 -0.297957 -0.175487 -0.0487151 -0 -0 -0 -0 -0 
-0.491517 -0.419075 -0.297957 -0.175487 -0.0517746 -0 -0 -0 -0 -0 
-0.476046 -0.422644 -0.300259 -0.175487 -0.0719059 -0.00803375 -0 -0 -0 -0 
-0.449888 -0.423852 -0.305539 -0.175712 -0.0956801 -0.0313034 -0 -0 -0 -0 
-0.413424 -0.404765 -0.310879 -0.183723 -0.119454 -0.0550776 -0 -0 -0 -0 
-0.367046 -0.369966 -0.314339 -0.210666 -0.143228 -0.0788517 -0.0139462 -0 -0 -0 

-0.356775 -0.356753 -0.307118 -0.213068 -0.132151 -0.0703825 -0.0124483 -0 -0 -0 
-0.403512 -0.387979 -0.303672 -0.184581 -0.106624 -0.0491618 -0 -0 -0 -0 
-0.441358 -0.408831 -0.29834 -0.167855 -0.0854033 -0.0279412 -0 -0 -0 -0 
-0.469921 -0.414269 -0.291246 -0.158791 -0.0641827 -0.00717087 -0 -0 -0 -0 
-0.488064 -0.41812 -0.283259 -0.156639 -0.0462136 -0 -0 -0 -0 -0 
-0.494134 -0.419781 -0.280364 -0.156639 -0.0434827 -0 -0 -0 -0 -0 
-0.488064 -0.41812 -0.283259 -0.156639 -0.0462136 -0 -0 -0 -0 -0 
-0.469921 -0.414269 -0.291246 -0.158791 -0.0641827 -0.00717087 -0 -0 -0 -0 
-0.441358 -0.408831 -0.29834 -0.167855 -0.0854033 -0.0279412 -0 -0 -0 -0 
-0.403512 -0.387979 -0.303672 -0.184581 -0.106624 -0.0491618 -0 -0 -0 -0 
-0.356775 -0.356753 -0.307118 -0.213068 -0.132151 -0.0703825 -0.0124483 -0 -0 -0 


-10.6103 -10.5338 -9.03965 -6.0632 -4.36586 -2.64199 -0.903964 -0 -0 -0 
-11.7562 -11.4334 -9.03965 -5.77929 -3.72924 -2.00537 -0.268357 -0 -0 -0 
-12.6475 -11.9661 -9.03965 -5.76019 -3.09262 -1.36875 -0 -0 -0 -0 
-13.2841 -12.0085 -9.03965 -5.76019 -2.49804 -0.732131 -0 -0 -0 -0 
-13.6661 -12.0085 -9.03965 -5.76019 -2.36551 -0.133191 -0 -0 -0 -0 
-13.7934 -12.0085 -9.03965 -5.76019 -2.36551 -0 -0 -0 -0 -0 
-13.6661 -12.0085 -9.03965 -5.76019 -2.36551 -0.133191 -0 -0 -0 -0 
-13.2841 -12.0085 -9.03965 -5.76019 -2.49804 -0.732131 -0 -0 -0 -0 
-12.6475 -11.9661 -9.03965 -5.76019 -3.09262 -1.36875 -0 -0 -0 -0 
-11.7562 -11.4334 -9.03965 -5.77929 -3.72924 -2.00537 -0.268357 -0 -0 -0 
-10.6103 -10.5338 -9.03965 -6.0632 -4.36586 -2.64199 -0.903964 -0 -0 -0 

-2.51297 -2.49484 -2.14097 -1.43602 -1.03402 -0.625735 -0.214097 -0 -0 -0 
-2.78437 -2.70792 -2.14097 -1.36878 -0.88324 -0.474956 -0.0635582 -0 -0 -0 
-2.99546 -2.83407 -2.14097 -1.36426 -0.732462 -0.324178 -0 -0 -0 -0 
-3.14624 -2.84412 -2.14097 -1.36426 -0.591641 -0.1734 -0 -0 -0 -0 
-3.23671 -2.84412 -2.14097 -1.36426 -0.560253 -0.0315452 -0 -0 -0 -0 
-3.26686 -2.84412 -2.14097 -1.36426 -0.560253 -0 -0 -0 -0 -0 
-3.23671 -2.84412 -2.14097 -1.36426 -0.560253 -0.0315452 -0 -0 -0 -0 
-3.14624 -2.84412 -2.14097 -1.36426 -0.591641 -0.1734 -0 -0 -0 -0 
-2.99546 -2.83407 -2.14097 -1.36426 -0.732462 -0.324178 -0 -0 -0 -0 
-2.78437 -2.70792 -2.14097 -1.36878 -0.88324 -0.474956 -0.0635582 -0 -0 -0 
-2.51297 -2.49484 -2.14097 -1.43602 -1.03402 -0.625735 -0.214097 -0 -0 -0 

-1.42527 -1.41498 -1.21428 -0.814459 -0.586458 -0.354894 -0.121428 -0 -0 -0 
-1.5792 -1.53584 -1.21428 -0.776322 -0.500942 -0.269378 -0.0360479 -0 -0 -0 
-1.69892 -1.60738 -1.21428 -0.773757 -0.415426 -0.183862 -0 -0 -0 -0 
-1.78444 -1.61308 -1.21428 -0.773757 -0.335557 -0.098346 -0 -0 -0 -0 
-1.83575 -1.61308 -1.21428 -0.773757 -0.317756 -0.0178913 -0 -0 -0 -0 
-1.85285 -1.61308 -1.21428 -0.773757 -0.317756 -0 -0 -0 -0 -0 
-1.83575 -1.61308 -1.21428 -0.773757 -0.317756 -0.0178913 -0 -0 -0 -0 
-1.78444 -1.61308 -1.21428 -0.773757 -0.335557 -0.098346 -0 -0 -0 -0 
-1.69892 -1.60738 -1.21428 -0.773757 -0.415426 -0.183862 -0 -0 -0 -0 
-1.5792 -1.53584 -1.21428 -0.776322 -0.500942 -0.269378 -0.0360479 -0 -0 -0 
-1.42527 -1.41498 -1.21428 -0.814459 -0.586458 -0.354894 -0.121428 -0 -0 -0 

-0.994718 -0.98754 -0.847467 -0.568425 -0.409299 -0.247687 -0.0847466 -0 -0 -0 
-1.10215 -1.07189 -0.847467 -0.541808 -0.349616 -0.188004 -0.0251585 -0 -0 -0 
-1.1857 -1.12182 -0.847467 -0.540018 -0.289933 -0.12832 -0 -0 -0 -0 
-1.24539 -1.1258 -0.847467 -0.540018 -0.234191 -0.0686373 -0 -0 -0 -0 
-1.2812 -1.1258 -0.847467 -0.540018 -0.221767 -0.0124867 -0 -0 -0 -0 
-1.29313 -1.1258 -0.847467 -0.540018 -0.221767 -0 -0 -0 -0 -0 
-1.2812 -1.1258 -0.847467 -0.540018 -0.221767 -0.0124867 -0 -0 -0 -0 
-1.24539 -1.1258 -0.847467 -0.540018 -0.234191 -0.0686373 -0 -0 -0 -0 
-1.1857 -1.12182 -0.847467 -0.540018 -0.289933 -0.12832 -0 -0 -0 -0 
-1.10215 -1.07189 -0.847467 -0.541808 -0.349616 -0.188004 -0.0251585 -0 -0 -0 
-0.994718 -0.98754 -0.847467 -0.568425 -0.409299 -0.247687 -0.0847466 -0 -0 -0 

-0.763944 -0.75843 -0.650855 -0.43655 -0.314342 -0.190223 -0.0650854 -0 -0 -0 
-0.84645 -0.823208 -0.650855 -0.416109 -0.268505 -0.144387 -0.0193217 -0 -0 -0 
-0.910621 -0.861558 -0.650855 -0.414734 -0.222668 -0.0985501 -0 -0 -0 -0 
-0.956458 -0.864611 -0.650855 -0.414734 -0.179859 -0.0527135 -0 -0 -0 -0 
-0.98396 -0.864611 -0.650855 -0.414734 -0.170317 -0.00958975 -0 -0 -0 -0 
-0.993127 -0.864611 -0.650855 -0.414734 -0.170317 -0 -0 -0 -0 -0 
-0.98396 -0.864611 -0.650855 -0.414734 -0.170317 -0.00958975 -0 -0 -0 -0 
-0.956458 -0.864611 -0.650855 -0.414734 -0.179859 -0.0527135 -0 -0 -0 -0 
-0.910621 -0.861558 -0.650855 -0.414734 -0.222668 -0.0985501 -0 -0 -0 -0 
-0.84645 -0.823208 -0.650855 -0.416109 -0.268505 -0.144387 -0.0193217 -0 -0 -0 
-0.763944 -0.75843 -0.650855 -0.43655 -0.314342 -0.190223 -0.0650854 -0 -0 -0 

-0.620084 -0.615609 -0.528291 -0.354343 -0.255147 -0.154402 -0.0528291 -0 -0 -0 
-0.687053 -0.668189 -0.528291 -0.33775 -0.217942 -0.117197 -0.0156832 -0 -0 -0 
-0.73914 -0.699316 -0.528291 -0.336635 -0.180737 -0.079992 -0 -0 -0 -0 
-0.776345 -0.701795 -0.528291 -0.336635 -0.145989 -0.0427869 -0 -0 -0 -0 
-0.798668 -0.701795 -0.528291 -0.336635 -0.138244 -0.00778389 -0 -0 -0 -0 
-0.806109 -0.701795 -0.528291 -0.336635 -0.138244 -0 -0 -0 -0 -0 
-0.798668 -0.701795 -0.528291 -0.336635 -0.138244 -0.00778389 -0 -0 -0 -0 
-0.776345 -0.701795 -0.528291 -0.336635 -0.145989 -0.0427869 -0 -0 -0 -0 
-0.73914 -0.699316 -0.528291 -0.336635 -0.180737 -0.079992 -0 -0 -0 -0 
-0.687053 -0.668189 -0.528291 -0.33775 -0.217942 -0.117197 -0.0156832 -0 -0 -0 
-0.620084 -0.615609 -0.528291 -0.354343 -0.255147 -0.154402 -0.0528291 -0 -0 -0 

-0.521819 -0.518054 -0.444573 -0.29819 -0.214714 -0.129934 -0.0444573 -0 -0 -0 
-0.578176 -0.562301 -0.444573 -0.284227 -0.183405 -0.0986248 -0.0131979 -0 -0 -0 
-0.622009 -0.588496 -0.444573 -0.283288 -0.152096 -0.0673156 -0 -0 -0 -0 
-0.653318 -0.590582 -0.444573 -0.283288 -0.122854 -0.0360065 -0 -0 -0 -0 
-0.672103 -0.590582 -0.444573 -0.283288 -0.116337 -0.00655037 -0 -0 -0 -0 
-0.678365 -0.590582 -0.444573 -0.283288 -0.116337 -0 -0 -0 -0 -0 
-0.672103 -0.590582 -0.444573 -0.283288 -0.116337 -0.00655037 -0 -0 -0 -0 
-0.653318 -0.590582 -0.444573 -0.283288 -0.122854 -0.0360065 -0 -0 -0 -0 
-0.622009 -0.588496 -0.444573 -0.283288 -0.152096 -0.0673156 -0 -0 -0 -0 
-0.578176 -0.562301 -0.444573 -0.284227 -0.183405 -0.0986248 -0.0131979 -0 -0 -0 
-0.521819 -0.518054 -0.444573 -0.29819 -0.214714 -0.129934 -0.0444573 -0 -0 -0 

-0.450439 -0.447188 -0.383759 -0.2574 -0.185343 -0.11216 -0.0383758 -0 -0 -0 
-0.499086 -0.485382 -0.383759 -0.245347 -0.158317 -0.0851337 -0.0113925 -0 -0 -0 
-0.536923 -0.507994 -0.383759 -0.244536 -0.13129 -0.0581074 -0 -0 -0 -0 
-0.563949 -0.509794 -0.383759 -0.244536 -0.106049 -0.0310811 -0 -0 -0 -0 
-0.580165 -0.509794 -0.383759 -0.244536 -0.100423 -0.00565433 -0 -0 -0 -0 
-0.58557 -0.509794 -0.383759 -0.244536 -0.100423 -0 -0 -0 -0 -0 
-0.580165 -0.509794 -0.383759 -0.244536 -0.100423 -0.00565433 -0 -0 -0 -0 
-0.563949 -0.509794 -0.383759 -0.244536 -0.106049 -0.0310811 -0 -0 -0 -0 
-0.536923 -0.507994 -0.383759 -0.244536 -0.13129 -0.0581074 -0 -0 -0 -0 
-0.499086 -0.485382 -0.383759 -0.245347 -0.158317 -0.0851337 -0.0113925 -0 -0 -0 
-0.450439 -0.447188 -0.383759 -0.2574 -0.185343 -0.11216 -0.0383758 -0 -0 -0 

-0.427978 -0.429401 -0.373774 -0.25001 -0.163788 -0.0986636 -0.033758 -0 -0 -0 
-0.478318 -0.464201 -0.370315 -0.231228 -0.139266 -0.0748894 -0.0100216 -0 -0 -0 
-0.518745 -0.484767 -0.364942 -0.221073 -0.115492 -0.0511152 -0 -0 -0 -0 
-0.548865 -0.488952 -0.35776 -0.215111 -0.0932877 -0.027341 -0 -0 -0 -0 
-0.568173 -0.491603 -0.348928 -0.215111 -0.0883387 -0.00497394 -0 -0 -0 -0 
-0.57479 -0.493131 -0.344364 -0.215111 -0.0883387 -0 -0 -0 -0 -0 
-0.568173 -0.491603 -0.348928 -0.215111 -0.0883387 -0.00497394 -0 -0 -0 -0 
-0.548865 -0.488952 -0.35776 -0.215111 -0.0932877 -0.027341 -0 -0 -0 -0 
-0.518745 -0.484767 -0.364942 -0.221073 -0.115492 -0.0511152 -0 -0 -0 -0 
-0.478318 -0.464201 -0.370315 -0.231228 -0.139266 -0.0748894 -0.0100216 -0 -0 -0 
-0.427978 -0.429401 -0.373774 -0.25001 -0.163788 -0.0986636 -0.033758 -0 -0 -0 

-0.418861 -0.411172 -0.36017 -0.248435 -0.16713 -0.0880664 -0.0301321 -0 -0 -0 
-0.469135 -0.44859 -0.356724 -0.230917 -0.13416 -0.0668457 -0.00894523 -0 -0 -0 
-0.510434 -0.474596 -0.351391 -0.220706 -0.103528 -0.045625 -0 -0 -0 -0 
-0.540622 -0.483892 -0.347689 -0.209775 -0.083268 -0.0244044 -0 -0 -0 -0 
-0.558799 -0.488856 -0.348358 -0.198236 -0.0788505 -0.0044397 -0 -0 -0 -0 
-0.564869 -0.490516 -0.349548 -0.192006 -0.0788505 -0 -0 -0 -0 -0 
-0.558799 -0.488856 -0.348358 -0.198236 -0.0788505 -0.0044397 -0 -0 -0 -0 
-0.540622 -0.483892 -0.347689 -0.209775 -0.083268 -0.0244044 -0 -0 -0 -0 
-0.510434 -0.474596 -0.351391 -0.220706 -0.103528 -0.045625 -0 -0 -0 -0 
-0.469135 -0.44859 -0.356724 -0.230917 -0.13416 -0.0668457 -0.00894523 -0 -0 -0 
-0.418861 -0.411172 -0.36017 -0.248435 -0.16713 -0.0880664 -0.0301321 -0 -0 -0 


-11.6714 -11.5948 -10.1007 -6.86124 -4.89637 -3.17251 -1.43448 -0 -0 -0 
-12.8173 -12.4945 -10.1007 -6.82123 -4.25975 -2.53589 -0.797861 -0 -0 -0 
-13.7085 -13.0271 -10.1007 -6.82123 -3.62838 -1.89927 -0.174044 -0 -0 -0 
-14.3452 -13.0695 -10.1007 -6.82123 -3.42659 -1.26265 -0 -0 -0 -0 
-14.7271 -13.0695 -10.1007 -6.82123 -3.42655 -0.626028 -0 -0 -0 -0 
-14.8545 -13.0695 -10.1007 -6.82123 -3.42655 -0.131387 -0 -0 -0 -0 
-14.7271 -13.0695 -10.1007 -6.82123 -3.42655 -0.626028 -0 -0 -0 -0 
-14.3452 -13.0695 -10.1007 -6.82123 -3.42659 -1.26265 -0 -0 -0 -0 
-13.7085 -13.0271 -10.1007 -6.82123 -3.62838 -1.89927 -0.174044 -0 -0 -0 
-12.8173 -12.4945 -10.1007 -6.82123 -4.25975 -2.53589 -0.797861 -0 -0 -0 
-11.6714 -11.5948 -10.1007 -6.86124 -4.89637 -3.17251 -1.43448 -0 -0 -0 

-2.76427 -2.74613 -2.39227 -1.62503 -1.15967 -0.751383 -0.339745 -0 -0 -0 
-3.03567 -2.95922 -2.39227 -1.61555 -1.00889 -0.600605 -0.188967 -0 -0 -0 
-3.24676 -3.08537 -2.39227 -1.61555 -0.859352 -0.449827 -0.041221 -0 -0 -0 
-3.39754 -3.09541 -2.39227 -1.61555 -0.811562 -0.299048 -0 -0 -0 -0 
-3.48801 -3.09541 -2.39227 -1.61555 -0.811551 -0.14827 -0 -0 -0 -0 
-3.51816 -3.09541 -2.39227 -1.61555 -0.811551 -0.0311181 -0 -0 -0 -0 
-3.48801 -3.09541 -2.39227 -1.61555 -0.811551 -0.14827 -0 -0 -0 -0 
-3.39754 -3.09541 -2.39227 -1.61555 -0.811562 -0.299048 -0 -0 -0 -0 
-3.24676 -3.08537 -2.39227 -1.61555 -0.859352 -0.449827 -0.041221 -0 -0 -0 
-3.03567 -2.95922 -2.39227 -1.61555 -1.00889 -0.600605 -0.188967 -0 -0 -0 
-2.76427 -2.74613 -2.39227 -1.62503 -1.15967 -0.751383 -0.339745 -0 -0 -0 

-1.56779 -1.55751 -1.35681 -0.92166 -0.657722 -0.426158 -0.192691 -0 -0 -0 
-1.72172 -1.67836 -1.35681 -0.916284 -0.572206 -0.340642 -0.107175 -0 -0 -0 
-1.84145 -1.74991 -1.35681 -0.916284 -0.487394 -0.255126 -0.0233791 -0 -0 -0 
-1.92696 -1.75561 -1.35681 -0.916284 -0.460289 -0.169609 -0 -0 -0 -0 
-1.97827 -1.75561 -1.35681 -0.916284 -0.460282 -0.0840933 -0 -0 -0 -0 
-1.99538 -1.75561 -1.35681 -0.916284 -0.460282 -0.0176491 -0 -0 -0 -0 
-1.97827 -1.75561 -1.35681 -0.916284 -0.460282 -0.0840933 -0 -0 -0 -0 
-1.92696 -1.75561 -1.35681 -0.916284 -0.460289 -0.169609 -0 -0 -0 -0 
-1.84145 -1.74991 -1.35681 -0.916284 -0.487394 -0.255126 -0.0233791 -0 -0 -0 
-1.72172 -1.67836 -1.35681 -0.916284 -0.572206 -0.340642 -0.107175 -0 -0 -0 
-1.56779 -1.55751 -1.35681 -0.92166 -0.657722 -0.426158 -0.192691 -0 -0 -0 

-1.09419 -1.08701 -0.946939 -0.643242 -0.459035 -0.297423 -0.134483 -0 -0 -0 
-1.20162 -1.17136 -0.946939 -0.63949 -0.399352 -0.237739 -0.0747995 -0 -0 -0 
-1.28518 -1.22129 -0.946939 -0.63949 -0.34016 -0.178056 -0.0163166 -0 -0 -0 
-1.34486 -1.22527 -0.946939 -0.63949 -0.321243 -0.118373 -0 -0 -0 -0 
-1.38067 -1.22527 -0.946939 -0.63949 -0.321239 -0.0586901 -0 -0 -0 -0 
-1.39261 -1.22527 -0.946939 -0.63949 -0.321239 -0.0123176 -0 -0 -0 -0 
-1.38067 -1.22527 -0.946939 -0.63949 -0.321239 -0.0586901 -0 -0 -0 -0 
-1.34486 -1.22527 -0.946939 -0.63949 -0.321243 -0.118373 -0 -0 -0 -0 
-1.28518 -1.22129 -0.946939 -0.63949 -0.34016 -0.178056 -0.0163166 -0 -0 -0 
-1.20162 -1.17136 -0.946939 -0.63949 -0.399352 -0.237739 -0.0747995 -0 -0 -0 
-1.09419 -1.08701 -0.946939 -0.643242 -0.459035 -0.297423 -0.134483 -0 -0 -0 

-0.840338 -0.834825 -0.727249 -0.494009 -0.352539 -0.228421 -0.103283 -0 -0 -0 
-0.922844 -0.899603 -0.727249 -0.491128 -0.306702 -0.182584 -0.057446 -0 -0 -0 
-0.987015 -0.937952 -0.727249 -0.491128 -0.261243 -0.136747 -0.0125312 -0 -0 -0 
-1.03285 -0.941006 -0.727249 -0.491128 -0.246715 -0.0909107 -0 -0 -0 -0 
-1.06035 -0.941006 -0.727249 -0.491128 -0.246711 -0.045074 -0 -0 -0 -0 
-1.06952 -0.941006 -0.727249 -0.491128 -0.246711 -0.0094599 -0 -0 -0 -0 
-1.06035 -0.941006 -0.727249 -0.491128 -0.246711 -0.045074 -0 -0 -0 -0 
-1.03285 -0.941006 -0.727249 -0.491128 -0.246715 -0.0909107 -0 -0 -0 -0 
-0.987015 -0.937952 -0.727249 -0.491128 -0.261243 -0.136747 -0.0125312 -0 -0 -0 
-0.922844 -0.899603 -0.727249 -0.491128 -0.306702 -0.182584 -0.057446 -0 -0 -0 
-0.840338 -0.834825 -0.727249 -0.494009 -0.352539 -0.228421 -0.103283 -0 -0 -0 

-0.682093 -0.677617 -0.5903 -0.400982 -0.286152 -0.185406 -0.0838333 -0 -0 -0 
-0.749062 -0.730197 -0.5903 -0.398643 -0.248947 -0.148201 -0.0466282 -0 -0 -0 
-0.801149 -0.761325 -0.5903 -0.398643 -0.212048 -0.110996 -0.0101714 -0 -0 -0 
-0.838354 -0.763803 -0.5903 -0.398643 -0.200255 -0.0737911 -0 -0 -0 -0 
-0.860677 -0.763803 -0.5903 -0.398643 -0.200253 -0.0365861 -0 -0 -0 -0 
-0.868118 -0.763803 -0.5903 -0.398643 -0.200253 -0.00767849 -0 -0 -0 -0 
-0.860677 -0.763803 -0.5903 -0.398643 -0.200253 -0.0365861 -0 -0 -0 -0 
-0.838354 -0.763803 -0.5903 -0.398643 -0.200255 -0.0737911 -0 -0 -0 -0 
-0.801149 -0.761325 -0.5903 -0.398643 -0.212048 -0.110996 -0.0101714 -0 -0 -0 
-0.749062 -0.730197 -0.5903 -0.398643 -0.248947 -0.148201 -0.0466282 -0 -0 -0 
-0.682093 -0.677617 -0.5903 -0.400982 -0.286152 -0.185406 -0.0838333 -0 -0 -0 

-0.574001 -0.570235 -0.496755 -0.337438 -0.240805 -0.156025 -0.0705482 -0 -0 -0 
-0.630358 -0.614483 -0.496755 -0.33547 -0.209496 -0.124716 -0.0392391 -0 -0 -0 
-0.674191 -0.640678 -0.496755 -0.33547 -0.178445 -0.0934066 -0.00855955 -0 -0 -0 
-0.7055 -0.642764 -0.496755 -0.33547 -0.168521 -0.0620974 -0 -0 -0 -0 
-0.724285 -0.642764 -0.496755 -0.33547 -0.168519 -0.0307883 -0 -0 -0 -0 
-0.730547 -0.642764 -0.496755 -0.33547 -0.168519 -0.00646168 -0 -0 -0 -0 
-0.724285 -0.642764 -0.496755 -0.33547 -0.168519 -0.0307883 -0 -0 -0 -0 
-0.7055 -0.642764 -0.496755 -0.33547 -0.168521 -0.0620974 -0 -0 -0 -0 
-0.674191 -0.640678 -0.496755 -0.33547 -0.178445 -0.0934066 -0.00855955 -0 -0 -0 
-0.630358 -0.614483 -0.496755 -0.33547 -0.209496 -0.124716 -0.0392391 -0 -0 -0 
-0.574001 -0.570235 -0.496755 -0.337438 -0.240805 -0.156025 -0.0705482 -0 -0 -0 

-0.509678 -0.512609 -0.44935 -0.299133 -0.207865 -0.134682 -0.0608978 -0 -0 -0 
-0.562743 -0.552007 -0.445878 -0.291009 -0.180839 -0.107656 -0.0338715 -0 -0 -0 
-0.604594 -0.573812 -0.44047 -0.28958 -0.154035 -0.0806293 -0.00738867 -0 -0 -0 
-0.634833 -0.57281 -0.433928 -0.28958 -0.145469 -0.053603 -0 -0 -0 -0 
-0.653078 -0.570842 -0.42922 -0.28958 -0.145467 -0.0265767 -0 -0 -0 -0 
-0.659006 -0.570002 -0.428803 -0.28958 -0.145467 -0.00557777 -0 -0 -0 -0 
-0.653078 -0.570842 -0.42922 -0.28958 -0.145467 -0.0265767 -0 -0 -0 -0 
-0.634833 -0.57281 -0.433928 -0.28958 -0.145469 -0.053603 -0 -0 -0 -0 
-0.604594 -0.573812 -0.44047 -0.28958 -0.154035 -0.0806293 -0.00738867 -0 -0 -0 
-0.562743 -0.552007 -0.445878 -0.291009 -0.180839 -0.107656 -0.0338715 -0 -0 -0 
-0.509678 -0.512609 -0.44935 -0.299133 -0.207865 -0.134682 -0.0608978 -0 -0 -0 

-0.495972 -0.489113 -0.433209 -0.299624 -0.200997 -0.118475 -0.0535698 -0 -0 -0 
-0.550274 -0.528977 -0.42975 -0.289951 -0.165287 -0.0947012 -0.0297956 -0 -0 -0 
-0.594664 -0.55635 -0.424378 -0.280168 -0.1355 -0.070927 -0.00649957 -0 -0 -0 
-0.6276 -0.565503 -0.418606 -0.268926 -0.127964 -0.0471528 -0 -0 -0 -0 
-0.647421 -0.570655 -0.417841 -0.25813 -0.127962 -0.0233786 -0 -0 -0 -0 
-0.654037 -0.572379 -0.418642 -0.254735 -0.127962 -0.00490659 -0 -0 -0 -0 
-0.647421 -0.570655 -0.417841 -0.25813 -0.127962 -0.0233786 -0 -0 -0 -0 
-0.6276 -0.565503 -0.418606 -0.268926 -0.127964 -0.0471528 -0 -0 -0 -0 
-0.594664 -0.55635 -0.424378 -0.280168 -0.1355 -0.070927 -0.00649957 -0 -0 -0 
-0.550274 -0.528977 -0.42975 -0.289951 -0.165287 -0.0947012 -0.0297956 -0 -0 -0 
-0.495972 -0.489113 -0.433209 -0.299624 -0.200997 -0.118475 -0.0535698 -0 -0 -0 

-0.485728 -0.473838 -0.413221 -0.292721 -0.202498 -0.110996 -0.047816 -0 -0 -0 
-0.539124 -0.515915 -0.409775 -0.283332 -0.169528 -0.0845296 -0.0265954 -0 -0 -0 
-0.581169 -0.544998 -0.410672 -0.273758 -0.135638 -0.0633089 -0.00580147 -0 -0 -0 
-0.611357 -0.554628 -0.415125 -0.262827 -0.116742 -0.0420883 -0 -0 -0 -0 
-0.629535 -0.559591 -0.418996 -0.251436 -0.114218 -0.0208676 -0 -0 -0 -0 
-0.635605 -0.561252 -0.420283 -0.247859 -0.114218 -0.00437958 -0 -0 -0 -0 
-0.629535 -0.559591 -0.418996 -0.251436 -0.114218 -0.0208676 -0 -0 -0 -0 
-0.611357 -0.554628 -0.415125 -0.262827 -0.116742 -0.0420883 -0 -0 -0 -0 
-0.581169 -0.544998 -0.410672 -0.273758 -0.135638 -0.0633089 -0.00580147 -0 -0 -0 
-0.539124 -0.515915 -0.409775 -0.283332 -0.169528 -0.0845296 -0.0265954 -0 -0 -0 
-0.485728 -0.473838 -0.413221 -0.292721 -0.202498 -0.110996 -0.047816 -0 -0 -0 


-12.7324 -12.6558 -11.1617 -7.88226 -5.42689 -3.70302 -1.965 -0.220126 -0 -0 
-13.8783 -13.5555 -11.1617 -7.88226 -4.79027 -3.0664 -1.32838 -0 -0 -0 
-14.7696 -14.0881 -11.1617 -7.88226 -4.49298 -2.42978 -0.691758 -0 -0 -0 
-15.4062 -14.1306 -11.1617 -7.88226 -4.48758 -1.79316 -0.0945991 -0 -0 -0 
-15.7882 -14.1306 -11.1617 -7.88226 -4.48758 -1.17313 -0 -0 -0 -0 
-15.9155 -14.1306 -11.1617 -7.88226 -4.48758 -1.03985 -0 -0 -0 -0 
-15.7882 -14.1306 -11.1617 -7.88226 -4.48758 -1.17313 -0 -0 -0 -0 
-15.4062 -14.1306 -11.1617 -7.88226 -4.48758 -1.79316 -0.0945991 -0 -0 -0 
-14.7696 -14.0881 -11.1617 -7.88226 -4.49298 -2.42978 -0.691758 -0 -0 -0 
-13.8783 -13.5555 -11.1617 -7.88226 -4.79027 -3.0664 -1.32838 -0 -0 -0 
-12.7324 -12.6558 -11.1617 -7.88226 -5.42689 -3.70302 -1.965 -0.220126 -0 -0 

-3.01557 -2.99743 -2.64356 -1.86685 -1.28532 -0.877032 -0.465394 -0.0521351 -0 -0 
-3.28697 -3.21052 -2.64356 -1.86685 -1.13454 -0.726254 -0.314616 -0 -0 -0 
-3.49806 -3.33667 -2.64356 -1.86685 -1.06413 -0.575475 -0.163837 -0 -0 -0 
-3.64884 -3.34671 -2.64356 -1.86685 -1.06285 -0.424697 -0.022405 -0 -0 -0 
-3.7393 -3.34671 -2.64356 -1.86685 -1.06285 -0.277848 -0 -0 -0 -0 
-3.76946 -3.34671 -2.64356 -1.86685 -1.06285 -0.24628 -0 -0 -0 -0 
-3.7393 -3.34671 -2.64356 -1.86685 -1.06285 -0.277848 -0 -0 -0 -0 
-3.64884 -3.34671 -2.64356 -1.86685 -1.06285 -0.424697 -0.022405 -0 -0 -0 
-3.49806 -3.33667 -2.64356 -1.86685 -1.06413 -0.575475 -0.163837 -0 -0 -0 
-3.28697 -3.21052 -2.64356 -1.86685 -1.13454 -0.726254 -0.314616 -0 -0 -0 
-3.01557 -2.99743 -2.64356 -1.86685 -1.28532 -0.877032 -0.465394 -0.0521351 -0 -0 

-1.71032 -1.70004 -1.49934 -1.05881 -0.728985 -0.497421 -0.263955 -0.0295692 -0 -0 
-1.86425 -1.82089 -1.49934 -1.05881 -0.643469 -0.411905 -0.178439 -0 -0 -0 
-1.98397 -1.89244 -1.49934 -1.05881 -0.603535 -0.326389 -0.0929227 -0 -0 -0 
-2.06949 -1.89813 -1.49934 -1.05881 -0.602809 -0.240873 -0.0127073 -0 -0 -0 
-2.1208 -1.89813 -1.49934 -1.05881 -0.602809 -0.157585 -0 -0 -0 -0 
-2.1379 -1.89813 -1.49934 -1.05881 -0.602809 -0.139681 -0 -0 -0 -0 
-2.1208 -1.89813 -1.49934 -1.05881 -0.602809 -0.157585 -0 -0 -0 -0 
-2.06949 -1.89813 -1.49934 -1.05881 -0.602809 -0.240873 -0.0127073 -0 -0 -0 
-1.98397 -1.89244 -1.49934 -1.05881 -0.603535 -0.326389 -0.0929227 -0 -0 -0 
-1.86425 -1.82089 -1.49934 -1.05881 -0.643469 -0.411905 -0.178439 -0 -0 -0 
-1.71032 -1.70004 -1.49934 -1.05881 -0.728985 -0.497421 -0.263955 -0.0295692 -0 -0 

-1.19366 -1.18648 -1.04641 -0.738962 -0.508771 -0.347158 -0.184218 -0.0206368 -0 -0 
-1.30109 -1.27083 -1.04641 -0.738962 -0.449088 -0.287475 -0.124535 -0 -0 -0 
-1.38465 -1.32076 -1.04641 -0.738962 -0.421217 -0.227792 -0.0648523 -0 -0 -0 
-1.44433 -1.32474 -1.04641 -0.738962 -0.420711 -0.168109 -0.00886866 -0 -0 -0 
-1.48014 -1.32474 -1.04641 -0.738962 -0.420711 -0.109981 -0 -0 -0 -0 
-1.49208 -1.32474 -1.04641 -0.738962 -0.420711 -0.0974859 -0 -0 -0 -0 
-1.48014 -1.32474 -1.04641 -0.738962 -0.420711 -0.109981 -0 -0 -0 -0 
-1.44433 -1.32474 -1.04641 -0.738962 -0.420711 -0.168109 -0.00886866 -0 -0 -0 
-1.38465 -1.32076 -1.04641 -0.738962 -0.421217 -0.227792 -0.0648523 -0 -0 -0 
-1.30109 -1.27083 -1.04641 -0.738962 -0.449088 -0.287475 -0.124535 -0 -0 -0 
-1.19366 -1.18648 -1.04641 -0.738962 -0.508771 -0.347158 -0.184218 -0.0206368 -0 -0 

-0.916732 -0.911219 -0.803644 -0.567523 -0.390736 -0.266618 -0.14148 -0.0158491 -0 -0 
-0.999238 -0.975997 -0.803644 -0.567523 -0.344899 -0.220781 -0.0956432 -0 -0 -0 
-1.06341 -1.01435 -0.803644 -0.567523 -0.323495 -0.174944 -0.0498065 -0 -0 -0 
-1.10925 -1.0174 -0.803644 -0.567523 -0.323106 -0.129108 -0.00681113 -0 -0 -0 
-1.13675 -1.0174 -0.803644 -0.567523 -0.323106 -0.0844657 -0 -0 -0 -0 
-1.14592 -1.0174 -0.803644 -0.567523 -0.323106 -0.0748692 -0 -0 -0 -0 
-1.13675 -1.0174 -0.803644 -0.567523 -0.323106 -0.0844657 -0 -0 -0 -0 
-1.10925 -1.0174 -0.803644 -0.567523 -0.323106 -0.129108 -0.00681113 -0 -0 -0 
-1.06341 -1.01435 -0.803644 -0.567523 -0.323495 -0.174944 -0.0498065 -0 -0 -0 
-0.999238 -0.975997 -0.803644 -0.567523 -0.344899 -0.220781 -0.0956432 -0 -0 -0 
-0.916732 -0.911219 -0.803644 -0.567523 -0.390736 -0.266618 -0.14148 -0.0158491 -0 -0 

-0.744101 -0.739626 -0.652308 -0.460651 -0.317156 -0.21641 -0.114837 -0.0128645 -0 -0 
-0.81107 -0.792205 -0.652308 -0.460651 -0.279951 -0.179205 -0.0776324 -0 -0 -0 
-0.863157 -0.823333 -0.652308 -0.460651 -0.262577 -0.142 -0.0404274 -0 -0 -0 
-0.900362 -0.825812 -0.652308 -0.460651 -0.262261 -0.104795 -0.00552852 -0 -0 -0 
-0.922685 -0.825812 -0.652308 -0.460651 -0.262261 -0.0685598 -0 -0 -0 -0 
-0.930126 -0.825812 -0.652308 -0.460651 -0.262261 -0.0607704 -0 -0 -0 -0 
-0.922685 -0.825812 -0.652308 -0.460651 -0.262261 -0.0685598 -0 -0 -0 -0 
-0.900362 -0.825812 -0.652308 -0.460651 -0.262261 -0.104795 -0.00552852 -0 -0 -0 
-0.863157 -0.823333 -0.652308 -0.460651 -0.262577 -0.142 -0.0404274 -0 -0 -0 
-0.81107 -0.792205 -0.652308 -0.460651 -0.279951 -0.179205 -0.0776324 -0 -0 -0 
-0.744101 -0.739626 -0.652308 -0.460651 -0.317156 -0.21641 -0.114837 -0.0128645 -0 -0 

-0.626183 -0.622417 -0.548937 -0.387652 -0.266896 -0.182116 -0.0966392 -0.0108259 -0 -0 
-0.68254 -0.666665 -0.548937 -0.387652 -0.235587 -0.150807 -0.06533 -0 -0 -0 
-0.726373 -0.69286 -0.548937 -0.387652 -0.220966 -0.119498 -0.0340209 -0 -0 -0 
-0.757682 -0.694945 -0.548937 -0.387652 -0.220701 -0.0881884 -0.00465241 -0 -0 -0 
-0.776467 -0.694945 -0.548937 -0.387652 -0.220701 -0.0576951 -0 -0 -0 -0 
-0.782729 -0.694945 -0.548937 -0.387652 -0.220701 -0.0511402 -0 -0 -0 -0 
-0.776467 -0.694945 -0.548937 -0.387652 -0.220701 -0.0576951 -0 -0 -0 -0 
-0.757682 -0.694945 -0.548937 -0.387652 -0.220701 -0.0881884 -0.00465241 -0 -0 -0 
-0.726373 -0.69286 -0.548937 -0.387652 -0.220966 -0.119498 -0.0340209 -0 -0 -0 
-0.68254 -0.666665 -0.548937 -0.387652 -0.235587 -0.150807 -0.06533 -0 -0 -0 
-0.626183 -0.622417 -0.548937 -0.387652 -0.266896 -0.182116 -0.0966392 -0.0108259 -0 -0 

-0.581179 -0.580175 -0.516915 -0.365 -0.235344 -0.157204 -0.0834197 -0.00934497 -0 -0 
-0.638748 -0.619673 -0.513444 -0.356706 -0.20336 -0.130178 -0.0563934 -0 -0 -0 
-0.685103 -0.645798 -0.508036 -0.346726 -0.19074 -0.103151 -0.0293671 -0 -0 -0 
-0.719847 -0.652061 -0.500773 -0.337192 -0.19051 -0.0761249 -0.004016 -0 -0 -0 
-0.741702 -0.656308 -0.492698 -0.334624 -0.19051 -0.0498029 -0 -0 -0 -0 
-0.749003 -0.658092 -0.489835 -0.334624 -0.19051 -0.0441446 -0 -0 -0 -0 
-0.741702 -0.656308 -0.492698 -0.334624 -0.19051 -0.0498029 -0 -0 -0 -0 
-0.719847 -0.652061 -0.500773 -0.337192 -0.19051 -0.0761249 -0.004016 -0 -0 -0 
-0.685103 -0.645798 -0.508036 -0.346726 -0.19074 -0.103151 -0.0293671 -0 -0 -0 
-0.638748 -0.619673 -0.513444 -0.356706 -0.20336 -0.130178 -0.0563934 -0 -0 -0 
-0.581179 -0.580175 -0.516915 -0.365 -0.235344 -0.157204 -0.0834197 -0.00934497 -0 -0 

-0.569894 -0.557739 -0.492645 -0.357565 -0.240621 -0.141487 -0.0733816 -0.00822047 -0 -0 
-0.627982 -0.603167 -0.489186 -0.349386 -0.20471 -0.114513 -0.0496075 -0 -0 -0 
-0.673906 -0.634637 -0.488443 -0.339603 -0.180255 -0.0907388 -0.0258333 -0 -0 -0 
-0.706847 -0.64475 -0.492339 -0.328362 -0.168647 -0.0669646 -0.00353275 -0 -0 -0 
-0.726668 -0.649903 -0.496493 -0.315821 -0.167586 -0.04381 -0 -0 -0 -0 
-0.733285 -0.651626 -0.497889 -0.310645 -0.167586 -0.0388326 -0 -0 -0 -0 
-0.726668 -0.649903 -0.496493 -0.315821 -0.167586 -0.04381 -0 -0 -0 -0 
-0.706847 -0.64475 -0.492339 -0.328362 -0.168647 -0.0669646 -0.00353275 -0 -0 -0 
-0.673906 -0.634637 -0.488443 -0.339603 -0.180255 -0.0907388 -0.0258333 -0 -0 -0 
-0.627982 -0.603167 -0.489186 -0.349386 -0.20471 -0.114513 -0.0496075 -0 -0 -0 
-0.569894 -0.557739 -0.492645 -0.357565 -0.240621 -0.141487 -0.0733816 -0.00822047 -0 -0 

-0.55616 -0.542191 -0.466807 -0.344439 -0.237866 -0.146149 -0.0654999 -0.00733753 -0 -0 
-0.60986 -0.586598 -0.471598 -0.336384 -0.204895 -0.110532 -0.0442792 -0 -0 -0 
-0.651905 -0.615733 -0.47939 -0.326809 -0.182142 -0.0809928 -0.0230586 -0 -0 -0 
-0.682093 -0.625363 -0.485861 -0.318019 -0.168163 -0.0597721 -0.0031533 -0 -0 -0 
-0.70027 -0.630327 -0.489731 -0.317506 -0.154328 -0.0391045 -0 -0 -0 -0 
-0.70634 -0.631987 -0.491019 -0.318417 -0.149586 -0.0346617 -0 -0 -0 -0 
-0.70027 -0.630327 -0.489731 -0.317506 -0.154328 -0.0391045 -0 -0 -0 -0 
-0.682093 -0.625363 -0.485861 -0.318019 -0.168163 -0.0597721 -0.0031533 -0 -0 -0 
-0.651905 -0.615733 -0.47939 -0.326809 -0.182142 -0.0809928 -0.0230586 -0 -0 -0 
-0.60986 -0.586598 -0.471598 -0.336384 -0.204895 -0.110532 -0.0442792 -0 -0 -0 
-0.55616 -0.542191 -0.466807 -0.344439 -0.237866 -0.146149 -0.0654999 -0.00733753 -0 -0 


-13.7934 -13.7169 -12.2228 -8.94329 -5.95741 -4.23354 -2.49551 -0.749101 -0 -0 
-14.9393 -14.6165 -12.2228 -8.94329 -5.56876 -3.59692 -1.85889 -0.128758 -0 -0 
-15.8306 -15.1492 -12.2228 -8.94329 -5.54861 -2.9603 -1.22227 -0 -0 -0 
-16.4672 -15.1916 -12.2228 -8.94329 -5.54861 -2.32368 -0.585654 -0 -0 -0 
-16.8492 -15.1916 -12.2228 -8.94329 -5.54861 -2.10088 -0.0333954 -0 -0 -0 
-16.9765 -15.1916 -12.2228 -8.94329 -5.54861 -2.10088 -0 -0 -0 -0 
-16.8492 -15.1916 -12.2228 -8.94329 -5.54861 -2.10088 -0.0333954 -0 -0 -0 
-16.4672 -15.1916 -12.2228 -8.94329 -5.54861 -2.32368 -0.585654 -0 -0 -0 
-15.8306 -15.1492 -12.2228 -8.94329 -5.54861 -2.9603 -1.22227 -0 -0 -0 
-14.9393 -14.6165 -12.2228 -8.94329 -5.56876 -3.59692 -1.85889 -0.128758 -0 -0 
-13.7934 -13.7169 -12.2228 -8.94329 -5.95741 -4.23354 -2.49551 -0.749101 -0 -0 

-3.26686 -3.24873 -2.89486 -2.11815 -1.41096 -1.00268 -0.591043 -0.177419 -0 -0 
-3.53827 -3.46181 -2.89486 -2.11815 -1.31892 -0.851902 -0.440264 -0.0304953 -0 -0 
-3.74936 -3.58796 -2.89486 -2.11815 -1.31415 -0.701124 -0.289486 -0 -0 -0 
-3.90013 -3.59801 -2.89486 -2.11815 -1.31415 -0.550345 -0.138708 -0 -0 -0 
-3.9906 -3.59801 -2.89486 -2.11815 -1.31415 -0.497577 -0.00790943 -0 -0 -0 
-4.02076 -3.59801 -2.89486 -2.11815 -1.31415 -0.497577 -0 -0 -0 -0 
-3.9906 -3.59801 -2.89486 -2.11815 -1.31415 -0.497577 -0.00790943 -0 -0 -0 
-3.90013 -3.59801 -2.89486 -2.11815 -1.31415 -0.550345 -0.138708 -0 -0 -0 
-3.74936 -3.58796 -2.89486 -2.11815 -1.31415 -0.701124 -0.289486 -0 -0 -0 
-3.53827 -3.46181 -2.89486 -2.11815 -1.31892 -0.851902 -0.440264 -0.0304953 -0 -0 
-3.26686 -3.24873 -2.89486 -2.11815 -1.41096 -1.00268 -0.591043 -0.177419 -0 -0 

-1.85285 -1.84256 -1.64186 -1.20134 -0.800248 -0.568685 -0.335218 -0.100626 -0 -0 
-2.00678 -1.96342 -1.64186 -1.20134 -0.748042 -0.483168 -0.249702 -0.0172959 -0 -0 
-2.1265 -2.03496 -1.64186 -1.20134 -0.745336 -0.397652 -0.164186 -0 -0 -0 
-2.21202 -2.04066 -1.64186 -1.20134 -0.745336 -0.312136 -0.07867 -0 -0 -0 
-2.26333 -2.04066 -1.64186 -1.20134 -0.745336 -0.282208 -0.00448595 -0 -0 -0 
-2.28043 -2.04066 -1.64186 -1.20134 -0.745336 -0.282208 -0 -0 -0 -0 
-2.26333 -2.04066 -1.64186 -1.20134 -0.745336 -0.282208 -0.00448595 -0 -0 -0 
-2.21202 -2.04066 -1.64186 -1.20134 -0.745336 -0.312136 -0.07867 -0 -0 -0 
-2.1265 -2.03496 -1.64186 -1.20134 -0.745336 -0.397652 -0.164186 -0 -0 -0 
-2.00678 -1.96342 -1.64186 -1.20134 -0.748042 -0.483168 -0.249702 -0.0172959 -0 -0 
-1.85285 -1.84256 -1.64186 -1.20134 -0.800248 -0.568685 -0.335218 -0.100626 -0 -0 

-1.29313 -1.28596 -1.14588 -0.838434 -0.558507 -0.396894 -0.233954 -0.0702282 -0 -0 
-1.40056 -1.3703 -1.14588 -0.838434 -0.522071 -0.337211 -0.174271 -0.0120711 -0 -0 
-1.48412 -1.42024 -1.14588 -0.838434 -0.520182 -0.277528 -0.114588 -0 -0 -0 
-1.5438 -1.42421 -1.14588 -0.838434 -0.520182 -0.217845 -0.0549051 -0 -0 -0 
-1.57961 -1.42421 -1.14588 -0.838434 -0.520182 -0.196958 -0.00313082 -0 -0 -0 
-1.59155 -1.42421 -1.14588 -0.838434 -0.520182 -0.196958 -0 -0 -0 -0 
-1.57961 -1.42421 -1.14588 -0.838434 -0.520182 -0.196958 -0.00313082 -0 -0 -0 
-1.5438 -1.42421 -1.14588 -0.838434 -0.520182 -0.217845 -0.0549051 -0 -0 -0 
-1.48412 -1.42024 -1.14588 -0.838434 -0.520182 -0.277528 -0.114588 -0 -0 -0 
-1.40056 -1.3703 -1.14588 -0.838434 -0.522071 -0.337211 -0.174271 -0.0120711 -0 -0 
-1.29313 -1.28596 -1.14588 -0.838434 -0.558507 -0.396894 -0.233954 -0.0702282 -0 -0 

-0.993127 -0.987613 -0.880038 -0.643917 -0.428933 -0.304815 -0.179677 -0.0539353 -0 -0 
-1.07563 -1.05239 -0.880038 -0.643917 -0.40095 -0.258978 -0.13384 -0.00927058 -0 -0 
-1.1398 -1.09074 -0.880038 -0.643917 -0.3995 -0.213142 -0.0880037 -0 -0 -0 
-1.18564 -1.09379 -0.880038 -0.643917 -0.3995 -0.167305 -0.0421671 -0 -0 -0 
-1.21314 -1.09379 -0.880038 -0.643917 -0.3995 -0.151264 -0.00240447 -0 -0 -0 
-1.22231 -1.09379 -0.880038 -0.643917 -0.3995 -0.151264 -0 -0 -0 -0 
-1.21314 -1.09379 -0.880038 -0.643917 -0.3995 -0.151264 -0.00240447 -0 -0 -0 
-1.18564 -1.09379 -0.880038 -0.643917 -0.3995 -0.167305 -0.0421671 -0 -0 -0 
-1.1398 -1.09074 -0.880038 -0.643917 -0.3995 -0.213142 -0.0880037 -0 -0 -0 
-1.07563 -1.05239 -0.880038 -0.643917 -0.40095 -0.258978 -0.13384 -0.00927058 -0 -0 
-0.993127 -0.987613 -0.880038 -0.643917 -0.428933 -0.304815 -0.179677 -0.0539353 -0 -0 

-0.806109 -0.801634 -0.714317 -0.52266 -0.34816 -0.247415 -0.145842 -0.0437786 -0 -0 
-0.873079 -0.854214 -0.714317 -0.52266 -0.325447 -0.21021 -0.108637 -0.00752482 -0 -0 
-0.925166 -0.885342 -0.714317 -0.52266 -0.32427 -0.173005 -0.0714316 -0 -0 -0 
-0.962371 -0.88782 -0.714317 -0.52266 -0.32427 -0.1358 -0.0342266 -0 -0 -0 
-0.984694 -0.88782 -0.714317 -0.52266 -0.32427 -0.122779 -0.00195168 -0 -0 -0 
-0.992135 -0.88782 -0.714317 -0.52266 -0.32427 -0.122779 -0 -0 -0 -0 
-0.984694 -0.88782 -0.714317 -0.52266 -0.32427 -0.122779 -0.00195168 -0 -0 -0 
-0.962371 -0.88782 -0.714317 -0.52266 -0.32427 -0.1358 -0.0342266 -0 -0 -0 
-0.925166 -0.885342 -0.714317 -0.52266 -0.32427 -0.173005 -0.0714316 -0 -0 -0 
-0.873079 -0.854214 -0.714317 -0.52266 -0.325447 -0.21021 -0.108637 -0.00752482 -0 -0 
-0.806109 -0.801634 -0.714317 -0.52266 -0.34816 -0.247415 -0.145842 -0.0437786 -0 -0 

-0.683884 -0.684538 -0.611227 -0.440002 -0.292987 -0.208207 -0.12273 -0.036841 -0 -0 
-0.74257 -0.72999 -0.607745 -0.439834 -0.273873 -0.176898 -0.091421 -0.00633236 -0 -0 
-0.788329 -0.755377 -0.603534 -0.439834 -0.272883 -0.145589 -0.0601118 -0 -0 -0 
-0.820761 -0.754705 -0.601119 -0.439834 -0.272883 -0.114279 -0.0288027 -0 -0 -0 
-0.839686 -0.751289 -0.601119 -0.439834 -0.272883 -0.103322 -0.0016424 -0 -0 -0 
-0.845948 -0.749455 -0.601119 -0.439834 -0.272883 -0.103322 -0 -0 -0 -0 
-0.839686 -0.751289 -0.601119 -0.439834 -0.272883 -0.103322 -0.0016424 -0 -0 -0 
-0.820761 -0.754705 -0.601119 -0.439834 -0.272883 -0.114279 -0.0288027 -0 -0 -0 
-0.788329 -0.755377 -0.603534 -0.439834 -0.272883 -0.145589 -0.0601118 -0 -0 -0 
-0.74257 -0.72999 -0.607745 -0.439834 -0.273873 -0.176898 -0.091421 -0.00633236 -0 -0 
-0.683884 -0.684538 -0.611227 -0.440002 -0.292987 -0.208207 -0.12273 -0.036841 -0 -0 

-0.661004 -0.650788 -0.584481 -0.432566 -0.280061 -0.179726 -0.105942 -0.0318015 -0 -0 
-0.723078 -0.69805 -0.58101 -0.424271 -0.251049 -0.152699 -0.0789153 -0.00546614 -0 -0 
-0.773529 -0.730486 -0.575602 -0.414292 -0.238046 -0.125673 -0.051889 -0 -0 -0 
-0.809912 -0.741062 -0.574548 -0.402751 -0.235554 -0.0986468 -0.0248627 -0 -0 -0 
-0.83179 -0.746396 -0.576957 -0.389877 -0.235554 -0.0891884 -0.00141773 -0 -0 -0 
-0.839091 -0.748179 -0.578464 -0.381083 -0.235554 -0.0891884 -0 -0 -0 -0 
-0.83179 -0.746396 -0.576957 -0.389877 -0.235554 -0.0891884 -0.00141773 -0 -0 -0 
-0.809912 -0.741062 -0.574548 -0.402751 -0.235554 -0.0986468 -0.0248627 -0 -0 -0 
-0.773529 -0.730486 -0.575602 -0.414292 -0.238046 -0.125673 -0.051889 -0 -0 -0 
-0.723078 -0.69805 -0.58101 -0.424271 -0.251049 -0.152699 -0.0789153 -0.00546614 -0 -0 
-0.661004 -0.650788 -0.584481 -0.432566 -0.280061 -0.179726 -0.105942 -0.0318015 -0 -0 

-0.6485 -0.633606 -0.552232 -0.417001 -0.280244 -0.180283 -0.0931935 -0.0279747 -0 -0 
-0.707229 -0.682175 -0.556592 -0.408822 -0.253594 -0.141464 -0.0694193 -0.00480839 -0 -0 
-0.753154 -0.713884 -0.564563 -0.399039 -0.239489 -0.110551 -0.0456451 -0 -0 -0 
-0.786094 -0.723997 -0.57155 -0.389219 -0.225055 -0.0867765 -0.0218709 -0 -0 -0 
-0.805915 -0.72915 -0.57574 -0.388043 -0.210974 -0.0784562 -0.00124713 -0 -0 -0 
-0.812532 -0.730873 -0.577137 -0.389059 -0.20721 -0.0784562 -0 -0 -0 -0 
-0.805915 -0.72915 -0.57574 -0.388043 -0.210974 -0.0784562 -0.00124713 -0 -0 -0 
-0.786094 -0.723997 -0.57155 -0.389219 -0.225055 -0.0867765 -0.0218709 -0 -0 -0 
-0.753154 -0.713884 -0.564563 -0.399039 -0.239489 -0.110551 -0.0456451 -0 -0 -0 
-0.707229 -0.682175 -0.556592 -0.408822 -0.253594 -0.141464 -0.0694193 -0.00480839 -0 -0 
-0.6485 -0.633606 -0.552232 -0.417001 -0.280244 -0.180283 -0.0931935 -0.0279747 -0 -0 

-0.626895 -0.612926 -0.530204 -0.39749 -0.273234 -0.181517 -0.0843533 -0.02497 -0 -0 
-0.680595 -0.657334 -0.541035 -0.389436 -0.248529 -0.145897 -0.0619631 -0.00429194 -0 -0 
-0.72264 -0.686469 -0.550126 -0.383327 -0.235013 -0.10953 -0.0407425 -0 -0 -0 
-0.752829 -0.696099 -0.556596 -0.385494 -0.221215 -0.077456 -0.0195218 -0 -0 -0 
-0.771006 -0.701063 -0.560467 -0.388242 -0.206589 -0.0700294 -0.00111318 -0 -0 -0 
-0.777076 -0.702723 -0.561754 -0.389152 -0.198311 -0.0700294 -0 -0 -0 -0 
-0.771006 -0.701063 -0.560467 -0.388242 -0.206589 -0.0700294 -0.00111318 -0 -0 -0 
-0.752829 -0.696099 -0.556596 -0.385494 -0.221215 -0.077456 -0.0195218 -0 -0 -0 
-0.72264 -0.686469 -0.550126 -0.383327 -0.235013 -0.10953 -0.0407425 -0 -0 -0 
-0.680595 -0.657334 -0.541035 -0.389436 -0.248529 -0.145897 -0.0619631 -0.00429194 -0 -0 
-0.626895 -0.612926 -0.530204 -0.39749 -0.273234 -0.181517 -0.0843533 -0.02497 -0 -0 


-14.8545 -14.7779 -13.2838 -10.0043 -6.65485 -4.76406 -3.02603 -1.27962 -0 -0 
-16.0004 -15.6776 -13.2838 -10.0043 -6.60965 -4.12744 -2.38941 -0.642998 -0 -0 
-16.8916 -16.2102 -13.2838 -10.0043 -6.60965 -3.49082 -1.75279 -0.0555484 -0 -0 
-17.5283 -16.2526 -13.2838 -10.0043 -6.60965 -3.16363 -1.11617 -0 -0 -0 
-17.9102 -16.2526 -13.2838 -10.0043 -6.60965 -3.16192 -0.479551 -0 -0 -0 
-18.0376 -16.2526 -13.2838 -10.0043 -6.60965 -3.16192 -0 -0 -0 -0 
-17.9102 -16.2526 -13.2838 -10.0043 -6.60965 -3.16192 -0.479551 -0 -0 -0 
-17.5283 -16.2526 -13.2838 -10.0043 -6.60965 -3.16363 -1.11617 -0 -0 -0 
-16.8916 -16.2102 -13.2838 -10.0043 -6.60965 -3.49082 -1.75279 -0.0555484 -0 -0 
-16.0004 -15.6776 -13.2838 -10.0043 -6.60965 -4.12744 -2.38941 -0.642998 -0 -0 
-14.8545 -14.7779 -13.2838 -10.0043 -6.65485 -4.76406 -3.02603 -1.27962 -0 -0 

-3.51816 -3.50003 -3.14616 -2.36945 -1.57615 -1.12833 -0.716691 -0.303067 -0 -0 
-3.78956 -3.71311 -3.14616 -2.36945 -1.56544 -0.977551 -0.565913 -0.152289 -0 -0 
-4.00065 -3.83926 -3.14616 -2.36945 -1.56544 -0.826772 -0.415135 -0.0131562 -0 -0 
-4.15143 -3.84931 -3.14616 -2.36945 -1.56544 -0.749281 -0.264356 -0 -0 -0 
-4.2419 -3.84931 -3.14616 -2.36945 -1.56544 -0.748875 -0.113578 -0 -0 -0 
-4.27205 -3.84931 -3.14616 -2.36945 -1.56544 -0.748875 -0 -0 -0 -0 
-4.2419 -3.84931 -3.14616 -2.36945 -1.56544 -0.748875 -0.113578 -0 -0 -0 
-4.15143 -3.84931 -3.14616 -2.36945 -1.56544 -0.749281 -0.264356 -0 -0 -0 
-4.00065 -3.83926 -3.14616 -2.36945 -1.56544 -0.826772 -0.415135 -0.0131562 -0 -0 
-3.78956 -3.71311 -3.14616 -2.36945 -1.56544 -0.977551 -0.565913 -0.152289 -0 -0 
-3.51816 -3.50003 -3.14616 -2.36945 -1.57615 -1.12833 -0.716691 -0.303067 -0 -0 

-1.99538 -1.98509 -1.78439 -1.34386 -0.893936 -0.639948 -0.406482 -0.171889 -0 -0 
-2.1493 -2.10594 -1.78439 -1.34386 -0.887863 -0.554432 -0.320966 -0.0863728 -0 -0 
-2.26903 -2.17749 -1.78439 -1.34386 -0.887863 -0.468916 -0.235449 -0.00746172 -0 -0 
-2.35454 -2.18319 -1.78439 -1.34386 -0.887863 -0.424965 -0.149933 -0 -0 -0 
-2.40585 -2.18319 -1.78439 -1.34386 -0.887863 -0.424735 -0.0644173 -0 -0 -0 
-2.42296 -2.18319 -1.78439 -1.34386 -0.887863 -0.424735 -0 -0 -0 -0 
-2.40585 -2.18319 -1.78439 -1.34386 -0.887863 -0.424735 -0.0644173 -0 -0 -0 
-2.35454 -2.18319 -1.78439 -1.34386 -0.887863 -0.424965 -0.149933 -0 -0 -0 
-2.26903 -2.17749 -1.78439 -1.34386 -0.887863 -0.468916 -0.235449 -0.00746172 -0 -0 
-2.1493 -2.10594 -1.78439 -1.34386 -0.887863 -0.554432 -0.320966 -0.0863728 -0 -0 
-1.99538 -1.98509 -1.78439 -1.34386 -0.893936 -0.639948 -0.406482 -0.171889 -0 -0 

-1.39261 -1.38543 -1.24535 -0.937905 -0.623893 -0.44663 -0.28369 -0.119964 -0 -0 
-1.50004 -1.46977 -1.24535 -0.937905 -0.619654 -0.386947 -0.224007 -0.060281 -0 -0 
-1.58359 -1.51971 -1.24535 -0.937905 -0.619654 -0.327264 -0.164324 -0.00520766 -0 -0 
-1.64327 -1.52368 -1.24535 -0.937905 -0.619654 -0.29659 -0.104641 -0 -0 -0 
-1.67908 -1.52368 -1.24535 -0.937905 -0.619654 -0.29643 -0.0449579 -0 -0 -0 
-1.69102 -1.52368 -1.24535 -0.937905 -0.619654 -0.29643 -0 -0 -0 -0 
-1.67908 -1.52368 -1.24535 -0.937905 -0.619654 -0.29643 -0.0449579 -0 -0 -0 
-1.64327 -1.52368 -1.24535 -0.937905 -0.619654 -0.29659 -0.104641 -0 -0 -0 
-1.58359 -1.51971 -1.24535 -0.937905 -0.619654 -0.327264 -0.164324 -0.00520766 -0 -0 
-1.50004 -1.46977 -1.24535 -0.937905 -0.619654 -0.386947 -0.224007 -0.060281 -0 -0 
-1.39261 -1.38543 -1.24535 -0.937905 -0.623893 -0.44663 -0.28369 -0.119964 -0 -0 

-1.06952 -1.06401 -0.956432 -0.720311 -0.47915 -0.343012 -0.217874 -0.0921325 -0 -0 
-1.15203 -1.12879 -0.956432 -0.720311 -0.475894 -0.297175 -0.172038 -0.0462958 -0 -0 
-1.2162 -1.16714 -0.956432 -0.720311 -0.475894 -0.251339 -0.126201 -0.00399948 -0 -0 
-1.26204 -1.17019 -0.956432 -0.720311 -0.475894 -0.227781 -0.0803643 -0 -0 -0 
-1.28954 -1.17019 -0.956432 -0.720311 -0.475894 -0.227658 -0.0345277 -0 -0 -0 
-1.2987 -1.17019 -0.956432 -0.720311 -0.475894 -0.227658 -0 -0 -0 -0 
-1.28954 -1.17019 -0.956432 -0.720311 -0.475894 -0.227658 -0.0345277 -0 -0 -0 
-1.26204 -1.17019 -0.956432 -0.720311 -0.475894 -0.227781 -0.0803643 -0 -0 -0 
-1.2162 -1.16714 -0.956432 -0.720311 -0.475894 -0.251339 -0.126201 -0.00399948 -0 -0 
-1.15203 -1.12879 -0.956432 -0.720311 -0.475894 -0.297175 -0.172038 -0.0462958 -0 -0 
-1.06952 -1.06401 -0.956432 -0.720311 -0.47915 -0.343012 -0.217874 -0.0921325 -0 -0 

-0.868118 -0.863643 -0.776325 -0.584668 -0.38892 -0.278419 -0.176846 -0.0747828 -0 -0 
-0.935087 -0.916222 -0.776325 -0.584668 -0.386278 -0.241214 -0.139641 -0.0375778 -0 -0 
-0.987174 -0.94735 -0.776325 -0.584668 -0.386278 -0.204009 -0.102436 -0.00324633 -0 -0 
-1.02438 -0.949829 -0.776325 -0.584668 -0.386278 -0.184888 -0.0652308 -0 -0 -0 
-1.0467 -0.949829 -0.776325 -0.584668 -0.386278 -0.184787 -0.0280257 -0 -0 -0 
-1.05414 -0.949829 -0.776325 -0.584668 -0.386278 -0.184787 -0 -0 -0 -0 
-1.0467 -0.949829 -0.776325 -0.584668 -0.386278 -0.184787 -0.0280257 -0 -0 -0 
-1.02438 -0.949829 -0.776325 -0.584668 -0.386278 -0.184888 -0.0652308 -0 -0 -0 
-0.987174 -0.94735 -0.776325 -0.584668 -0.386278 -0.204009 -0.102436 -0.00324633 -0 -0 
-0.935087 -0.916222 -0.776325 -0.584668 -0.386278 -0.241214 -0.139641 -0.0375778 -0 -0 
-0.868118 -0.863643 -0.776325 -0.584668 -0.38892 -0.278419 -0.176846 -0.0747828 -0 -0 

-0.762037 -0.76281 -0.6895 -0.515448 -0.327667 -0.234298 -0.148821 -0.062932 -0 -0 
-0.825942 -0.808263 -0.686018 -0.507049 -0.325065 -0.202989 -0.117512 -0.0316228 -0 -0 
-0.876919 -0.834845 -0.680578 -0.497424 -0.325065 -0.17168 -0.0862028 -0.00273189 -0 -0 
-0.91457 -0.839437 -0.673241 -0.492016 -0.325065 -0.155588 -0.0548936 -0 -0 -0 
-0.938431 -0.842045 -0.66418 -0.492016 -0.325065 -0.155504 -0.0235845 -0 -0 -0 
-0.94662 -0.843579 -0.659214 -0.492016 -0.325065 -0.155504 -0 -0 -0 -0 
-0.938431 -0.842045 -0.66418 -0.492016 -0.325065 -0.155504 -0.0235845 -0 -0 -0 
-0.91457 -0.839437 -0.673241 -0.492016 -0.325065 -0.155588 -0.0548936 -0 -0 -0 
-0.876919 -0.834845 -0.680578 -0.497424 -0.325065 -0.17168 -0.0862028 -0.00273189 -0 -0 
-0.825942 -0.808263 -0.686018 -0.507049 -0.325065 -0.202989 -0.117512 -0.0316228 -0 -0 
-0.762037 -0.76281 -0.6895 -0.515448 -0.327667 -0.234298 -0.148821 -0.062932 -0 -0 

-0.747837 -0.732909 -0.652047 -0.500132 -0.332192 -0.215016 -0.128464 -0.0543234 -0 -0 
-0.812845 -0.785653 -0.650676 -0.491837 -0.317759 -0.175615 -0.101437 -0.0272971 -0 -0 
-0.863617 -0.820515 -0.65559 -0.481857 -0.3039 -0.148195 -0.0744109 -0.00235819 -0 -0 
-0.9 -0.83115 -0.662529 -0.470317 -0.288968 -0.134305 -0.0473846 -0 -0 -0 
-0.921878 -0.836483 -0.667045 -0.462068 -0.280598 -0.134232 -0.0203583 -0 -0 -0 
-0.929178 -0.838267 -0.668551 -0.461426 -0.280598 -0.134232 -0 -0 -0 -0 
-0.921878 -0.836483 -0.667045 -0.462068 -0.280598 -0.134232 -0.0203583 -0 -0 -0 
-0.9 -0.83115 -0.662529 -0.470317 -0.288968 -0.134305 -0.0473846 -0 -0 -0 
-0.863617 -0.820515 -0.65559 -0.481857 -0.3039 -0.148195 -0.0744109 -0.00235819 -0 -0 
-0.812845 -0.785653 -0.650676 -0.491837 -0.317759 -0.175615 -0.101437 -0.0272971 -0 -0 
-0.747837 -0.732909 -0.652047 -0.500132 -0.332192 -0.215016 -0.128464 -0.0543234 -0 -0 

-0.727747 -0.71284 -0.622533 -0.476436 -0.326102 -0.219906 -0.113925 -0.0477865 -0 -0 
-0.786476 -0.761422 -0.634026 -0.468257 -0.312277 -0.181007 -0.0892311 -0.0240124 -0 -0 
-0.832401 -0.793131 -0.64381 -0.46177 -0.298924 -0.141234 -0.0654569 -0.00207442 -0 -0 
-0.865341 -0.803245 -0.650797 -0.464142 -0.28449 -0.118144 -0.0416827 -0 -0 -0 
-0.885162 -0.808397 -0.654988 -0.467268 -0.269101 -0.11808 -0.0179085 -0 -0 -0 
-0.891779 -0.81012 -0.656384 -0.468306 -0.259948 -0.11808 -0 -0 -0 -0 
-0.885162 -0.808397 -0.654988 -0.467268 -0.269101 -0.11808 -0.0179085 -0 -0 -0 
-0.865341 -0.803245 -0.650797 -0.464142 -0.28449 -0.118144 -0.0416827 -0 -0 -0 
-0.832401 -0.793131 -0.64381 -0.46177 -0.298924 -0.141234 -0.0654569 -0.00207442 -0 -0 
-0.786476 -0.761422 -0.634026 -0.468257 -0.312277 -0.181007 -0.0892311 -0.0240124 -0 -0 
-0.727747 -0.71284 -0.622533 -0.476436 -0.326102 -0.219906 -0.113925 -0.0477865 -0 -0 

-0.697631 -0.683662 -0.600048 -0.450542 -0.314166 -0.216884 -0.117937 -0.0426539 -0 -0 
-0.751331 -0.728069 -0.61177 -0.447024 -0.300909 -0.181265 -0.0817254 -0.0214333 -0 -0 
-0.793376 -0.757204 -0.620861 -0.451601 -0.288065 -0.144898 -0.0584264 -0.00185161 -0 -0 
-0.823564 -0.766834 -0.627332 -0.45623 -0.274267 -0.118196 -0.0372057 -0 -0 -0 
-0.841741 -0.771798 -0.631202 -0.458977 -0.267846 -0.105645 -0.015985 -0 -0 -0 
-0.847811 -0.773458 -0.63249 -0.459888 -0.26827 -0.105397 -0 -0 -0 -0 
-0.841741 -0.771798 -0.631202 -0.458977 -0.267846 -0.105645 -0.015985 -0 -0 -0 
-0.823564 -0.766834 -0.627332 -0.45623 -0.274267 -0.118196 -0.0372057 -0 -0 -0 
-0.793376 -0.757204 -0.620861 -0.451601 -0.288065 -0.144898 -0.0584264 -0.00185161 -0 -0 
-0.751331 -0.728069 -0.61177 -0.447024 -0.300909 -0.181265 -0.0817254 -0.0214333 -0 -0 
-0.697631 -0.683662 -0.600048 -0.450542 -0.314166 -0.216884 -0.117937 -0.0426539 -0 -0 


-15.9155 -15.8389 -14.3448 -11.0654 -7.67068 -5.29457 -3.55655 -1.81013 -0.0829976 -0 
-17.0614 -16.7386 -14.3448 -11.0654 -7.67068 -4.65795 -2.91993 -1.17351 -0 -0 
-17.9527 -17.2712 -14.3448 -11.0654 -7.67068 -4.23646 -2.28331 -0.536894 -0 -0 
-18.5893 -17.3137 -14.3448 -11.0654 -7.67068 -4.22295 -1.64669 -0.0069333 -0 -0 
-18.9713 -17.3137 -14.3448 -11.0654 -7.67068 -4.22295 -1.01007 -0 -0 -0 
-19.0986 -17.3137 -14.3448 -11.0654 -7.67068 -4.22295 -0.746895 -0 -0 -0 
-18.9713 -17.3137 -14.3448 -11.0654 -7.67068 -4.22295 -1.01007 -0 -0 -0 
-18.5893 -17.3137 -14.3448 -11.0654 -7.67068 -4.22295 -1.64669 -0.0069333 -0 -0 
-17.9527 -17.2712 -14.3448 -11.0654 -7.67068 -4.23646 -2.28331 -0.536894 -0 -0 
-17.0614 -16.7386 -14.3448 -11.0654 -7.67068 -4.65795 -2.91993 -1.17351 -0 -0 
-15.9155 -15.8389 -14.3448 -11.0654 -7.67068 -5.29457 -3.55655 -1.81013 -0.0829976 -0 

-3.76946 -3.75132 -3.39746 -2.62074 -1.81674 -1.25398 -0.84234 -0.428716 -0.0196573 -0 
-4.04086 -3.96441 -3.39746 -2.62074 -1.81674 -1.1032 -0.691562 -0.277938 -0 -0 
-4.25195 -4.09056 -3.39746 -2.62074 -1.81674 -1.00337 -0.540783 -0.127159 -0 -0 
-4.40273 -4.1006 -3.39746 -2.62074 -1.81674 -1.00017 -0.390005 -0.0016421 -0 -0 
-4.4932 -4.1006 -3.39746 -2.62074 -1.81674 -1.00017 -0.239227 -0 -0 -0 
-4.52335 -4.1006 -3.39746 -2.62074 -1.81674 -1.00017 -0.176896 -0 -0 -0 
-4.4932 -4.1006 -3.39746 -2.62074 -1.81674 -1.00017 -0.239227 -0 -0 -0 
-4.40273 -4.1006 -3.39746 -2.62074 -1.81674 -1.00017 -0.390005 -0.0016421 -0 -0 
-4.25195 -4.09056 -3.39746 -2.62074 -1.81674 -1.00337 -0.540783 -0.127159 -0 -0 
-4.04086 -3.96441 -3.39746 -2.62074 -1.81674 -1.1032 -0.691562 -0.277938 -0 -0 
-3.76946 -3.75132 -3.39746 -2.62074 -1.81674 -1.25398 -0.84234 -0.428716 -0.0196573 -0 

-2.1379 -2.12762 -1.92692 -1.48639 -1.03039 -0.711211 -0.477745 -0.243152 -0.0111489 -0 
-2.29183 -2.24847 -1.92692 -1.48639 -1.03039 -0.625695 -0.392229 -0.157636 -0 -0 
-2.41155 -2.32002 -1.92692 -1.48639 -1.03039 -0.569077 -0.306713 -0.0721201 -0 -0 
-2.49707 -2.32572 -1.92692 -1.48639 -1.03039 -0.567262 -0.221197 -0.000931338 -0 -0 
-2.54838 -2.32572 -1.92692 -1.48639 -1.03039 -0.567262 -0.135681 -0 -0 -0 
-2.56548 -2.32572 -1.92692 -1.48639 -1.03039 -0.567262 -0.100329 -0 -0 -0 
-2.54838 -2.32572 -1.92692 -1.48639 -1.03039 -0.567262 -0.135681 -0 -0 -0 
-2.49707 -2.32572 -1.92692 -1.48639 -1.03039 -0.567262 -0.221197 -0.000931338 -0 -0 
-2.41155 -2.32002 -1.92692 -1.48639 -1.03039 -0.569077 -0.306713 -0.0721201 -0 -0 
-2.29183 -2.24847 -1.92692 -1.48639 -1.03039 -0.625695 -0.392229 -0.157636 -0 -0 
-2.1379 -2.12762 -1.92692 -1.48639 -1.03039 -0.711211 -0.477745 -0.243152 -0.0111489 -0 

-1.49208 -1.4849 -1.34483 -1.03738 -0.719126 -0.496366 -0.333426 -0.1697 -0.00778103 -0 
-1.59951 -1.56925 -1.34483 -1.03738 -0.719126 -0.436683 -0.273743 -0.110017 -0 -0 
-1.68306 -1.61918 -1.34483 -1.03738 -0.719126 -0.397168 -0.21406 -0.0503339 -0 -0 
-1.74275 -1.62316 -1.34483 -1.03738 -0.719126 -0.395901 -0.154377 -0.000649997 -0 -0 
-1.77856 -1.62316 -1.34483 -1.03738 -0.719126 -0.395901 -0.0946938 -0 -0 -0 
-1.79049 -1.62316 -1.34483 -1.03738 -0.719126 -0.395901 -0.0700215 -0 -0 -0 
-1.77856 -1.62316 -1.34483 -1.03738 -0.719126 -0.395901 -0.0946938 -0 -0 -0 
-1.74275 -1.62316 -1.34483 -1.03738 -0.719126 -0.395901 -0.154377 -0.000649997 -0 -0 
-1.68306 -1.61918 -1.34483 -1.03738 -0.719126 -0.397168 -0.21406 -0.0503339 -0 -0 
-1.59951 -1.56925 -1.34483 -1.03738 -0.719126 -0.436683 -0.273743 -0.110017 -0 -0 
-1.49208 -1.4849 -1.34483 -1.03738 -0.719126 -0.496366 -0.333426 -0.1697 -0.00778103 -0 

-1.14592 -1.1404 -1.03283 -0.796706 -0.552289 -0.381209 -0.256071 -0.13033 -0.00597583 -0 
-1.22842 -1.20518 -1.03283 -0.796706 -0.552289 -0.335373 -0.210235 -0.084493 -0 -0 
-1.29259 -1.24353 -1.03283 -0.796706 -0.552289 -0.305025 -0.164398 -0.0386564 -0 -0 
-1.33843 -1.24658 -1.03283 -0.796706 -0.552289 -0.304052 -0.118561 -0.000499197 -0 -0 
-1.36593 -1.24658 -1.03283 -0.796706 -0.552289 -0.304052 -0.0727249 -0 -0 -0 
-1.3751 -1.24658 -1.03283 -0.796706 -0.552289 -0.304052 -0.0537765 -0 -0 -0 
-1.36593 -1.24658 -1.03283 -0.796706 -0.552289 -0.304052 -0.0727249 -0 -0 -0 
-1.33843 -1.24658 -1.03283 -0.796706 -0.552289 -0.304052 -0.118561 -0.000499197 -0 -0 
-1.29259 -1.24353 -1.03283 -0.796706 -0.552289 -0.305025 -0.164398 -0.0386564 -0 -0 
-1.22842 -1.20518 -1.03283 -0.796706 -0.552289 -0.335373 -0.210235 -0.084493 -0 -0 
-1.14592 -1.1404 -1.03283 -0.796706 -0.552289 -0.381209 -0.256071 -0.13033 -0.00597583 -0 

-0.930126 -0.925651 -0.838333 -0.646677 -0.448286 -0.309423 -0.20785 -0.105787 -0.00485051 -0 
-0.997095 -0.978231 -0.838333 -0.646677 -0.448286 -0.272218 -0.170645 -0.068582 -0 -0 
-1.04918 -1.00936 -0.838333 -0.646677 -0.448286 -0.247585 -0.13344 -0.0313769 -0 -0 
-1.08639 -1.01184 -0.838333 -0.646677 -0.448286 -0.246796 -0.096235 -0.000405193 -0 -0 
-1.10871 -1.01184 -0.838333 -0.646677 -0.448286 -0.246796 -0.0590299 -0 -0 -0 
-1.11615 -1.01184 -0.838333 -0.646677 -0.448286 -0.246796 -0.0436497 -0 -0 -0 
-1.10871 -1.01184 -0.838333 -0.646677 -0.448286 -0.246796 -0.0590299 -0 -0 -0 
-1.08639 -1.01184 -0.838333 -0.646677 -0.448286 -0.246796 -0.096235 -0.000405193 -0 -0 
-1.04918 -1.00936 -0.838333 -0.646677 -0.448286 -0.247585 -0.13344 -0.0313769 -0 -0 
-0.997095 -0.978231 -0.838333 -0.646677 -0.448286 -0.272218 -0.170645 -0.068582 -0 -0 
-0.930126 -0.925651 -0.838333 -0.646677 -0.448286 -0.309423 -0.20785 -0.105787 -0.00485051 -0 

-0.852158 -0.842441 -0.767773 -0.593721 -0.400566 -0.260389 -0.174912 -0.089023 -0.00408185 -0 
-0.921281 -0.894641 -0.764291 -0.585322 -0.387694 -0.22908 -0.143603 -0.0577138 -0 -0 
-0.977407 -0.929825 -0.75885 -0.57516 -0.377568 -0.20835 -0.112294 -0.0264046 -0 -0 
-1.01825 -0.9406 -0.755008 -0.563338 -0.377246 -0.207686 -0.0809846 -0.000340982 -0 -0 
-1.0428 -0.946103 -0.756035 -0.55073 -0.377246 -0.207686 -0.0496755 -0 -0 -0 
-1.05098 -0.947943 -0.757502 -0.544198 -0.377246 -0.207686 -0.0367326 -0 -0 -0 
-1.0428 -0.946103 -0.756035 -0.55073 -0.377246 -0.207686 -0.0496755 -0 -0 -0 
-1.01825 -0.9406 -0.755008 -0.563338 -0.377246 -0.207686 -0.0809846 -0.000340982 -0 -0 
-0.977407 -0.929825 -0.75885 -0.57516 -0.377568 -0.20835 -0.112294 -0.0264046 -0 -0 
-0.921281 -0.894641 -0.764291 -0.585322 -0.387694 -0.22908 -0.143603 -0.0577138 -0 -0 
-0.852158 -0.842441 -0.767773 -0.593721 -0.400566 -0.260389 -0.174912 -0.089023 -0.00408185 -0 

-0.837925 -0.821994 -0.724938 -0.567698 -0.397838 -0.26006 -0.150985 -0.0768453 -0.00352348 -0 
-0.902933 -0.875741 -0.734654 -0.559403 -0.385325 -0.217163 -0.123959 -0.049819 -0 -0 
-0.953705 -0.910603 -0.7451 -0.549423 -0.371466 -0.18344 -0.0969328 -0.0227927 -0 -0 
-0.990088 -0.921237 -0.752617 -0.54733 -0.356388 -0.179276 -0.0699065 -0.000294338 -0 -0 
-1.01197 -0.926571 -0.757133 -0.550336 -0.340211 -0.179276 -0.0428802 -0 -0 -0 
-1.01927 -0.928355 -0.758639 -0.551514 -0.327896 -0.179276 -0.0317078 -0 -0 -0 
-1.01197 -0.926571 -0.757133 -0.550336 -0.340211 -0.179276 -0.0428802 -0 -0 -0 
-0.990088 -0.921237 -0.752617 -0.54733 -0.356388 -0.179276 -0.0699065 -0.000294338 -0 -0 
-0.953705 -0.910603 -0.7451 -0.549423 -0.371466 -0.18344 -0.0969328 -0.0227927 -0 -0 
-0.902933 -0.875741 -0.734654 -0.559403 -0.385325 -0.217163 -0.123959 -0.049819 -0 -0 
-0.837925 -0.821994 -0.724938 -0.567698 -0.397838 -0.26006 -0.150985 -0.0768453 -0.00352348 -0 

-0.806994 -0.792087 -0.700707 -0.535872 -0.383849 -0.25953 -0.151335 -0.0675984 -0.0030995 -0 
-0.865724 -0.840669 -0.713274 -0.532755 -0.371713 -0.220631 -0.111477 -0.0438242 -0 -0 
-0.911648 -0.872378 -0.723057 -0.538143 -0.35836 -0.188892 -0.0852687 -0.02005 -0 -0 
-0.944589 -0.882492 -0.730045 -0.543389 -0.343926 -0.171618 -0.0614945 -0.00025892 -0 -0 
-0.96441 -0.887644 -0.734235 -0.546515 -0.337585 -0.158072 -0.0377204 -0 -0 -0 
-0.971026 -0.889368 -0.735631 -0.547553 -0.33815 -0.157703 -0.0278924 -0 -0 -0 
-0.96441 -0.887644 -0.734235 -0.546515 -0.337585 -0.158072 -0.0377204 -0 -0 -0 
-0.944589 -0.882492 -0.730045 -0.543389 -0.343926 -0.171618 -0.0614945 -0.00025892 -0 -0 
-0.911648 -0.872378 -0.723057 -0.538143 -0.35836 -0.188892 -0.0852687 -0.02005 -0 -0 
-0.865724 -0.840669 -0.713274 -0.532755 -0.371713 -0.220631 -0.111477 -0.0438242 -0 -0 
-0.806994 -0.792087 -0.700707 -0.535872 -0.383849 -0.25953 -0.151335 -0.0675984 -0.0030995 -0 

-0.768366 -0.754397 -0.670783 -0.508897 -0.365711 -0.252252 -0.153305 -0.0603378 -0.00276659 -0 
-0.822066 -0.798805 -0.682506 -0.515758 -0.353961 -0.216633 -0.115869 -0.0391171 -0 -0 
-0.864111 -0.82794 -0.691597 -0.522337 -0.341116 -0.187436 -0.0788692 -0.0178965 -0 -0 
-0.8943 -0.83757 -0.698067 -0.526965 -0.336616 -0.17119 -0.0548896 -0.00023111 -0 -0 
-0.912477 -0.842534 -0.701938 -0.529713 -0.338383 -0.154832 -0.0336689 -0 -0 -0 
-0.918547 -0.844194 -0.703225 -0.530623 -0.339006 -0.141912 -0.0248965 -0 -0 -0 
-0.912477 -0.842534 -0.701938 -0.529713 -0.338383 -0.154832 -0.0336689 -0 -0 -0 
-0.8943 -0.83757 -0.698067 -0.526965 -0.336616 -0.17119 -0.0548896 -0.00023111 -0 -0 
-0.864111 -0.82794 -0.691597 -0.522337 -0.341116 -0.187436 -0.0788692 -0.0178965 -0 -0 
-0.822066 -0.798805 -0.682506 -0.515758 -0.353961 -0.216633 -0.115869 -0.0391171 -0 -0 
-0.768366 -0.754397 -0.670783 -0.508897 -0.365711 -0.252252 -0.153305 -0.0603378 -0.00276659 -0 


-16.9765 -16.9 -15.4059 -12.1264 -8.73171 -5.82509 -4.08706 -2.34065 -0.588882 -0 
-18.1224 -17.7996 -15.4059 -12.1264 -8.73171 -5.32166 -3.45044 -1.70403 -0.0209717 -0 
-19.0137 -18.3323 -15.4059 -12.1264 -8.73171 -5.28398 -2.81382 -1.06741 -0 -0 
-19.6503 -18.3747 -15.4059 -12.1264 -8.73171 -5.28398 -2.1772 -0.430791 -0 -0 
-20.0323 -18.3747 -15.4059 -12.1264 -8.73171 -5.28398 -1.80894 -0 -0 -0 
-20.1596 -18.3747 -15.4059 -12.1264 -8.73171 -5.28398 -1.80793 -0 -0 -0 
-20.0323 -18.3747 -15.4059 -12.1264 -8.73171 -5.28398 -1.80894 -0 -0 -0 
-19.6503 -18.3747 -15.4059 -12.1264 -8.73171 -5.28398 -2.1772 -0.430791 -0 -0 
-19.0137 -18.3323 -15.4059 -12.1264 -8.73171 -5.28398 -2.81382 -1.06741 -0 -0 
-18.1224 -17.7996 -15.4059 -12.1264 -8.73171 -5.32166 -3.45044 -1.70403 -0.0209717 -0 
-16.9765 -16.9 -15.4059 -12.1264 -8.73171 -5.82509 -4.08706 -2.34065 -0.588882 -0 

-4.02076 -4.00262 -3.64875 -2.87204 -2.06804 -1.37963 -0.967989 -0.554365 -0.139472 -0 
-4.29216 -4.21571 -3.64875 -2.87204 -2.06804 -1.26039 -0.81721 -0.403586 -0.00496699 -0 
-4.50325 -4.34185 -3.64875 -2.87204 -2.06804 -1.25147 -0.666432 -0.252808 -0 -0 
-4.65403 -4.3519 -3.64875 -2.87204 -2.06804 -1.25147 -0.515654 -0.102029 -0 -0 
-4.74449 -4.3519 -3.64875 -2.87204 -2.06804 -1.25147 -0.428433 -0 -0 -0 
-4.77465 -4.3519 -3.64875 -2.87204 -2.06804 -1.25147 -0.428194 -0 -0 -0 
-4.74449 -4.3519 -3.64875 -2.87204 -2.06804 -1.25147 -0.428433 -0 -0 -0 
-4.65403 -4.3519 -3.64875 -2.87204 -2.06804 -1.25147 -0.515654 -0.102029 -0 -0 
-4.50325 -4.34185 -3.64875 -2.87204 -2.06804 -1.25147 -0.666432 -0.252808 -0 -0 
-4.29216 -4.21571 -3.64875 -2.87204 -2.06804 -1.26039 -0.81721 -0.403586 -0.00496699 -0 
-4.02076 -4.00262 -3.64875 -2.87204 -2.06804 -1.37963 -0.967989 -0.554365 -0.139472 -0 

-2.28043 -2.27014 -2.06944 -1.62892 -1.17292 -0.782475 -0.549008 -0.314416 -0.0791036 -0 
-2.43436 -2.391 -2.06944 -1.62892 -1.17292 -0.71485 -0.463492 -0.2289 -0.0028171 -0 
-2.55408 -2.46254 -2.06944 -1.62892 -1.17292 -0.709789 -0.377976 -0.143384 -0 -0 
-2.6396 -2.46824 -2.06944 -1.62892 -1.17292 -0.709789 -0.29246 -0.0578675 -0 -0 
-2.69091 -2.46824 -2.06944 -1.62892 -1.17292 -0.709789 -0.242992 -0 -0 -0 
-2.70801 -2.46824 -2.06944 -1.62892 -1.17292 -0.709789 -0.242856 -0 -0 -0 
-2.69091 -2.46824 -2.06944 -1.62892 -1.17292 -0.709789 -0.242992 -0 -0 -0 
-2.6396 -2.46824 -2.06944 -1.62892 -1.17292 -0.709789 -0.29246 -0.0578675 -0 -0 
-2.55408 -2.46254 -2.06944 -1.62892 -1.17292 -0.709789 -0.377976 -0.143384 -0 -0 
-2.43436 -2.391 -2.06944 -1.62892 -1.17292 -0.71485 -0.463492 -0.2289 -0.0028171 -0 
-2.28043 -2.27014 -2.06944 -1.62892 -1.17292 -0.782475 -0.549008 -0.314416 -0.0791036 -0 

-1.59155 -1.58437 -1.4443 -1.13685 -0.818598 -0.546102 -0.383162 -0.219436 -0.0552077 -0 
-1.69898 -1.66872 -1.4443 -1.13685 -0.818598 -0.498906 -0.323479 -0.159753 -0.0019661 -0 
-1.78254 -1.71865 -1.4443 -1.13685 -0.818598 -0.495373 -0.263796 -0.10007 -0 -0 
-1.84222 -1.72263 -1.4443 -1.13685 -0.818598 -0.495373 -0.204113 -0.0403867 -0 -0 
-1.87803 -1.72263 -1.4443 -1.13685 -0.818598 -0.495373 -0.169588 -0 -0 -0 
-1.88996 -1.72263 -1.4443 -1.13685 -0.818598 -0.495373 -0.169493 -0 -0 -0 
-1.87803 -1.72263 -1.4443 -1.13685 -0.818598 -0.495373 -0.169588 -0 -0 -0 
-1.84222 -1.72263 -1.4443 -1.13685 -0.818598 -0.495373 -0.204113 -0.0403867 -0 -0 
-1.78254 -1.71865 -1.4443 -1.13685 -0.818598 -0.495373 -0.263796 -0.10007 -0 -0 
-1.69898 -1.66872 -1.4443 -1.13685 -0.818598 -0.498906 -0.323479 -0.159753 -0.0019661 -0 
-1.59155 -1.58437 -1.4443 -1.13685 -0.818598 -0.546102 -0.383162 -0.219436 -0.0552077 -0 

-1.22231 -1.2168 -1.10922 -0.8731 -0.628683 -0.419406 -0.294269 -0.168527 -0.0423995 -0 
-1.30482 -1.28157 -1.10922 -0.8731 -0.628683 -0.38316 -0.248432 -0.12269 -0.00150997 -0 
-1.36899 -1.31992 -1.10922 -0.8731 -0.628683 -0.380447 -0.202595 -0.0768536 -0 -0 
-1.41482 -1.32298 -1.10922 -0.8731 -0.628683 -0.380447 -0.156759 -0.031017 -0 -0 
-1.44233 -1.32298 -1.10922 -0.8731 -0.628683 -0.380447 -0.130244 -0 -0 -0 
-1.45149 -1.32298 -1.10922 -0.8731 -0.628683 -0.380447 -0.130171 -0 -0 -0 
-1.44233 -1.32298 -1.10922 -0.8731 -0.628683 -0.380447 -0.130244 -0 -0 -0 
-1.41482 -1.32298 -1.10922 -0.8731 -0.628683 -0.380447 -0.156759 -0.031017 -0 -0 
-1.36899 -1.31992 -1.10922 -0.8731 -0.628683 -0.380447 -0.202595 -0.0768536 -0 -0 
-1.30482 -1.28157 -1.10922 -0.8731 -0.628683 -0.38316 -0.248432 -0.12269 -0.00150997 -0 
-1.22231 -1.2168 -1.10922 -0.8731 -0.628683 -0.419406 -0.294269 -0.168527 -0.0423995 -0 

-0.992135 -0.98766 -0.900342 -0.708685 -0.510295 -0.340427 -0.238854 -0.136791 -0.0344152 -0 
-1.0591 -1.04024 -0.900342 -0.708685 -0.510295 -0.311006 -0.201649 -0.0995862 -0.00122562 -0 
-1.11119 -1.07137 -0.900342 -0.708685 -0.510295 -0.308804 -0.164444 -0.0623812 -0 -0 
-1.1484 -1.07385 -0.900342 -0.708685 -0.510295 -0.308804 -0.127239 -0.0251761 -0 -0 
-1.17072 -1.07385 -0.900342 -0.708685 -0.510295 -0.308804 -0.105717 -0 -0 -0 
-1.17816 -1.07385 -0.900342 -0.708685 -0.510295 -0.308804 -0.105658 -0 -0 -0 
-1.17072 -1.07385 -0.900342 -0.708685 -0.510295 -0.308804 -0.105717 -0 -0 -0 
-1.1484 -1.07385 -0.900342 -0.708685 -0.510295 -0.308804 -0.127239 -0.0251761 -0 -0 
-1.11119 -1.07137 -0.900342 -0.708685 -0.510295 -0.308804 -0.164444 -0.0623812 -0 -0 
-1.0591 -1.04024 -0.900342 -0.708685 -0.510295 -0.311006 -0.201649 -0.0995862 -0.00122562 -0 
-0.992135 -0.98766 -0.900342 -0.708685 -0.510295 -0.340427 -0.238854 -0.136791 -0.0344152 -0 

-0.951628 -0.935982 -0.846046 -0.671994 -0.478839 -0.2977 -0.201003 -0.115114 -0.0289614 -0 
-1.02472 -0.994892 -0.843877 -0.663594 -0.465967 -0.261721 -0.169694 -0.0838048 -0.0010314 -0 
-1.08177 -1.03375 -0.848338 -0.653433 -0.451616 -0.259868 -0.138385 -0.0524956 -0 -0 
-1.12261 -1.04496 -0.855412 -0.64161 -0.43633 -0.259868 -0.107076 -0.0211864 -0 -0 
-1.14716 -1.05047 -0.860251 -0.631809 -0.429428 -0.259868 -0.0889643 -0 -0 -0 
-1.15535 -1.05231 -0.861866 -0.630461 -0.429428 -0.259868 -0.0889145 -0 -0 -0 
-1.14716 -1.05047 -0.860251 -0.631809 -0.429428 -0.259868 -0.0889643 -0 -0 -0 
-1.12261 -1.04496 -0.855412 -0.64161 -0.43633 -0.259868 -0.107076 -0.0211864 -0 -0 
-1.08177 -1.03375 -0.848338 -0.653433 -0.451616 -0.259868 -0.138385 -0.0524956 -0 -0 
-1.02472 -0.994892 -0.843877 -0.663594 -0.465967 -0.261721 -0.169694 -0.0838048 -0.0010314 -0 
-0.951628 -0.935982 -0.846046 -0.671994 -0.478839 -0.2977 -0.201003 -0.115114 -0.0289614 -0 

-0.928013 -0.912081 -0.811236 -0.635263 -0.465404 -0.305103 -0.185657 -0.0993672 -0.0249997 -0 
-0.99302 -0.965829 -0.824688 -0.6282 -0.452891 -0.267861 -0.146481 -0.0723409 -0.00089031 -0 
-1.04379 -1.00069 -0.835188 -0.631025 -0.439032 -0.249373 -0.119455 -0.0453146 -0 -0 
-1.08018 -1.01133 -0.842705 -0.636881 -0.423954 -0.231761 -0.0924285 -0.0182883 -0 -0 
-1.10205 -1.01666 -0.847221 -0.640423 -0.411503 -0.22432 -0.0767947 -0 -0 -0 
-1.10935 -1.01844 -0.848727 -0.641602 -0.41054 -0.22432 -0.0767517 -0 -0 -0 
-1.10205 -1.01666 -0.847221 -0.640423 -0.411503 -0.22432 -0.0767947 -0 -0 -0 
-1.08018 -1.01133 -0.842705 -0.636881 -0.423954 -0.231761 -0.0924285 -0.0182883 -0 -0 
-1.04379 -1.00069 -0.835188 -0.631025 -0.439032 -0.249373 -0.119455 -0.0453146 -0 -0 
-0.99302 -0.965829 -0.824688 -0.6282 -0.452891 -0.267861 -0.146481 -0.0723409 -0.00089031 -0 
-0.928013 -0.912081 -0.811236 -0.635263 -0.465404 -0.305103 -0.185657 -0.0993672 -0.0249997 -0 

-0.886242 -0.871334 -0.779954 -0.601854 -0.443284 -0.299154 -0.190959 -0.0874102 -0.0219915 -0 
-0.944971 -0.919917 -0.792521 -0.609975 -0.431148 -0.265229 -0.149912 -0.063636 -0.000783177 -0 
-0.990895 -0.951626 -0.802305 -0.61739 -0.417795 -0.247823 -0.108921 -0.0398618 -0 -0 
-1.02384 -0.961739 -0.809292 -0.622636 -0.41446 -0.231054 -0.0813064 -0.0160876 -0 -0 
-1.04366 -0.966892 -0.813482 -0.625762 -0.416656 -0.213607 -0.0675538 -0 -0 -0 
-1.05027 -0.968615 -0.814878 -0.6268 -0.417398 -0.199606 -0.067516 -0 -0 -0 
-1.04366 -0.966892 -0.813482 -0.625762 -0.416656 -0.213607 -0.0675538 -0 -0 -0 
-1.02384 -0.961739 -0.809292 -0.622636 -0.41446 -0.231054 -0.0813064 -0.0160876 -0 -0 
-0.990895 -0.951626 -0.802305 -0.61739 -0.417795 -0.247823 -0.108921 -0.0398618 -0 -0 
-0.944971 -0.919917 -0.792521 -0.609975 -0.431148 -0.265229 -0.149912 -0.063636 -0.000783177 -0 
-0.886242 -0.871334 -0.779954 -0.601854 -0.443284 -0.299154 -0.190959 -0.0874102 -0.0219915 -0 

-0.839102 -0.825133 -0.741519 -0.57788 -0.418762 -0.28762 -0.188673 -0.0848113 -0.0196294 -0 
-0.892802 -0.86954 -0.753241 -0.586494 -0.407012 -0.25644 -0.151237 -0.056801 -0.000699058 -0 
-0.934847 -0.898675 -0.762332 -0.593072 -0.40414 -0.240038 -0.113294 -0.0355804 -0 -0 
-0.965035 -0.908305 -0.768803 -0.597701 -0.407238 -0.224242 -0.0757338 -0.0143597 -0 -0 
-0.983212 -0.913269 -0.772673 -0.600448 -0.409119 -0.208662 -0.060298 -0 -0 -0 
-0.989283 -0.914929 -0.773961 -0.601359 -0.409741 -0.205941 -0.0602643 -0 -0 -0 
-0.983212 -0.913269 -0.772673 -0.600448 -0.409119 -0.208662 -0.060298 -0 -0 -0 
-0.965035 -0.908305 -0.768803 -0.597701 -0.407238 -0.224242 -0.0757338 -0.0143597 -0 -0 
-0.934847 -0.898675 -0.762332 -0.593072 -0.40414 -0.240038 -0.113294 -0.0355804 -0 -0 
-0.892802 -0.86954 -0.753241 -0.586494 -0.407012 -0.25644 -0.151237 -0.056801 -0.000699058 -0 
-0.839102 -0.825133 -0.741519 -0.57788 -0.418762 -0.28762 -0.188673 -0.0848113 -0.0196294 -0 


-18.0376 -17.961 -16.4669 -13.1874 -9.79274 -6.4213 -4.61758 -2.87117 -1.1194 -0 
-19.1835 -18.8607 -16.4669 -13.1874 -9.79274 -6.34501 -3.98096 -2.23455 -0.482779 -0 
-20.0747 -19.3933 -16.4669 -13.1874 -9.79274 -6.34501 -3.34434 -1.59793 -0 -0 
-20.7114 -19.4357 -16.4669 -13.1874 -9.79274 -6.34501 -2.88176 -0.961308 -0 -0 
-21.0933 -19.4357 -16.4669 -13.1874 -9.79274 -6.34501 -2.86896 -0.324688 -0 -0 
-21.2207 -19.4357 -16.4669 -13.1874 -9.79274 -6.34501 -2.86896 -0 -0 -0 
-21.0933 -19.4357 -16.4669 -13.1874 -9.79274 -6.34501 -2.86896 -0.324688 -0 -0 
-20.7114 -19.4357 -16.4669 -13.1874 -9.79274 -6.34501 -2.88176 -0.961308 -0 -0 
-20.0747 -19.3933 -16.4669 -13.1874 -9.79274 -6.34501 -3.34434 -1.59793 -0 -0 
-19.1835 -18.8607 -16.4669 -13.1874 -9.79274 -6.34501 -3.98096 -2.23455 -0.482779 -0 
-18.0376 -17.961 -16.4669 -13.1874 -9.79274 -6.4213 -4.61758 -2.87117 -1.1194 -0 

-4.27205 -4.25392 -3.90005 -3.12334 -2.31933 -1.52083 -1.09364 -0.680013 -0.265121 -0 
-4.54345 -4.467 -3.90005 -3.12334 -2.31933 -1.50277 -0.942859 -0.529235 -0.114342 -0 
-4.75454 -4.59315 -3.90005 -3.12334 -2.31933 -1.50277 -0.792081 -0.378456 -0 -0 
-4.90532 -4.6032 -3.90005 -3.12334 -2.31933 -1.50277 -0.682523 -0.227678 -0 -0 
-4.99579 -4.6032 -3.90005 -3.12334 -2.31933 -1.50277 -0.679491 -0.0768997 -0 -0 
-5.02595 -4.6032 -3.90005 -3.12334 -2.31933 -1.50277 -0.679491 -0 -0 -0 
-4.99579 -4.6032 -3.90005 -3.12334 -2.31933 -1.50277 -0.679491 -0.0768997 -0 -0 
-4.90532 -4.6032 -3.90005 -3.12334 -2.31933 -1.50277 -0.682523 -0.227678 -0 -0 
-4.75454 -4.59315 -3.90005 -3.12334 -2.31933 -1.50277 -0.792081 -0.378456 -0 -0 
-4.54345 -4.467 -3.90005 -3.12334 -2.31933 -1.50277 -0.942859 -0.529235 -0.114342 -0 
-4.27205 -4.25392 -3.90005 -3.12334 -2.31933 -1.52083 -1.09364 -0.680013 -0.265121 -0 

-2.42296 -2.41267 -2.21197 -1.77144 -1.31544 -0.862563 -0.620272 -0.385679 -0.150367 -0 
-2.57688 -2.53352 -2.21197 -1.77144 -1.31544 -0.852315 -0.534756 -0.300163 -0.0648509 -0 
-2.69661 -2.60507 -2.21197 -1.77144 -1.31544 -0.852315 -0.44924 -0.214647 -0 -0 
-2.78212 -2.61077 -2.21197 -1.77144 -1.31544 -0.852315 -0.387103 -0.129131 -0 -0 
-2.83343 -2.61077 -2.21197 -1.77144 -1.31544 -0.852315 -0.385383 -0.0436148 -0 -0 
-2.85054 -2.61077 -2.21197 -1.77144 -1.31544 -0.852315 -0.385383 -0 -0 -0 
-2.83343 -2.61077 -2.21197 -1.77144 -1.31544 -0.852315 -0.385383 -0.0436148 -0 -0 
-2.78212 -2.61077 -2.21197 -1.77144 -1.31544 -0.852315 -0.387103 -0.129131 -0 -0 
-2.69661 -2.60507 -2.21197 -1.77144 -1.31544 -0.852315 -0.44924 -0.214647 -0 -0 
-2.57688 -2.53352 -2.21197 -1.77144 -1.31544 -0.852315 -0.534756 -0.300163 -0.0648509 -0 
-2.42296 -2.41267 -2.21197 -1.77144 -1.31544 -0.862563 -0.620272 -0.385679 -0.150367 -0 

-1.69102 -1.68384 -1.54377 -1.23632 -0.91807 -0.601997 -0.432898 -0.269172 -0.104944 -0 
-1.79845 -1.76819 -1.54377 -1.23632 -0.91807 -0.594845 -0.373215 -0.209489 -0.0452605 -0 
-1.88201 -1.81812 -1.54377 -1.23632 -0.91807 -0.594845 -0.313532 -0.149806 -0 -0 
-1.94169 -1.8221 -1.54377 -1.23632 -0.91807 -0.594845 -0.270165 -0.0901226 -0 -0 
-1.9775 -1.8221 -1.54377 -1.23632 -0.91807 -0.594845 -0.268965 -0.0304395 -0 -0 
-1.98944 -1.8221 -1.54377 -1.23632 -0.91807 -0.594845 -0.268965 -0 -0 -0 
-1.9775 -1.8221 -1.54377 -1.23632 -0.91807 -0.594845 -0.268965 -0.0304395 -0 -0 
-1.94169 -1.8221 -1.54377 -1.23632 -0.91807 -0.594845 -0.270165 -0.0901226 -0 -0 
-1.88201 -1.81812 -1.54377 -1.23632 -0.91807 -0.594845 -0.313532 -0.149806 -0 -0 
-1.79845 -1.76819 -1.54377 -1.23632 -0.91807 -0.594845 -0.373215 -0.209489 -0.0452605 -0 
-1.69102 -1.68384 -1.54377 -1.23632 -0.91807 -0.601997 -0.432898 -0.269172 -0.104944 -0 

-1.2987 -1.29319 -1.18562 -0.949494 -0.705078 -0.462334 -0.332466 -0.206724 -0.0805967 -0 
-1.38121 -1.35797 -1.18562 -0.949494 -0.705078 -0.456841 -0.286629 -0.160887 -0.0347601 -0 
-1.44538 -1.39632 -1.18562 -0.949494 -0.705078 -0.456841 -0.240792 -0.115051 -0 -0 
-1.49122 -1.39937 -1.18562 -0.949494 -0.705078 -0.456841 -0.207487 -0.0692141 -0 -0 
-1.51872 -1.39937 -1.18562 -0.949494 -0.705078 -0.456841 -0.206565 -0.0233775 -0 -0 
-1.52789 -1.39937 -1.18562 -0.949494 -0.705078 -0.456841 -0.206565 -0 -0 -0 
-1.51872 -1.39937 -1.18562 -0.949494 -0.705078 -0.456841 -0.206565 -0.0233775 -0 -0 
-1.49122 -1.39937 -1.18562 -0.949494 -0.705078 -0.456841 -0.207487 -0.0692141 -0 -0 
-1.44538 -1.39632 -1.18562 -0.949494 -0.705078 -0.456841 -0.240792 -0.115051 -0 -0 
-1.38121 -1.35797 -1.18562 -0.949494 -0.705078 -0.456841 -0.286629 -0.160887 -0.0347601 -0 
-1.2987 -1.29319 -1.18562 -0.949494 -0.705078 -0.462334 -0.332466 -0.206724 -0.0805967 -0 

-1.07607 -1.07763 -0.990483 -0.785995 -0.572303 -0.375271 -0.269859 -0.167795 -0.0654194 -0 
-1.14897 -1.13142 -0.986992 -0.777602 -0.572303 -0.370813 -0.232653 -0.13059 -0.0282144 -0 
-1.20659 -1.16173 -0.981523 -0.771093 -0.572303 -0.370813 -0.195448 -0.0933854 -0 -0 
-1.24852 -1.16344 -0.974122 -0.770694 -0.572303 -0.370813 -0.168415 -0.0561803 -0 -0 
-1.27437 -1.16391 -0.966547 -0.770694 -0.572303 -0.370813 -0.167667 -0.0189753 -0 -0 
-1.28349 -1.16393 -0.96235 -0.770694 -0.572303 -0.370813 -0.167667 -0 -0 -0 
-1.27437 -1.16391 -0.966547 -0.770694 -0.572303 -0.370813 -0.167667 -0.0189753 -0 -0 
-1.24852 -1.16344 -0.974122 -0.770694 -0.572303 -0.370813 -0.168415 -0.0561803 -0 -0 
-1.20659 -1.16173 -0.981523 -0.771093 -0.572303 -0.370813 -0.195448 -0.0933854 -0 -0 
-1.14897 -1.13142 -0.986992 -0.777602 -0.572303 -0.370813 -0.232653 -0.13059 -0.0282144 -0 
-1.07607 -1.07763 -0.990483 -0.785995 -0.572303 -0.375271 -0.269859 -0.167795 -0.0654194 -0 

-1.05596 -1.0389 -0.930077 -0.750267 -0.557112 -0.353112 -0.227094 -0.141205 -0.0550524 -0 
-1.12909 -1.09926 -0.940552 -0.741867 -0.544239 -0.332742 -0.195785 -0.109896 -0.0237432 -0 
-1.18614 -1.13812 -0.951729 -0.731714 -0.529889 -0.316 -0.164476 -0.0785866 -0 -0 
-1.22698 -1.14933 -0.959776 -0.73004 -0.514172 -0.31205 -0.141726 -0.0472774 -0 -0 
-1.25152 -1.15483 -0.964615 -0.733496 -0.4972 -0.31205 -0.141096 -0.0159683 -0 -0 
-1.25971 -1.15667 -0.96623 -0.734825 -0.484191 -0.31205 -0.141096 -0 -0 -0 
-1.25152 -1.15483 -0.964615 -0.733496 -0.4972 -0.31205 -0.141096 -0.0159683 -0 -0 
-1.22698 -1.14933 -0.959776 -0.73004 -0.514172 -0.31205 -0.141726 -0.0472774 -0 -0 
-1.18614 -1.13812 -0.951729 -0.731714 -0.529889 -0.316 -0.164476 -0.0785866 -0 -0 
-1.12909 -1.09926 -0.940552 -0.741867 -0.544239 -0.332742 -0.195785 -0.109896 -0.0237432 -0 
-1.05596 -1.0389 -0.930077 -0.750267 -0.557112 -0.353112 -0.227094 -0.141205 -0.0550524 -0 

-1.0181 -1.00217 -0.901324 -0.705835 -0.53297 -0.352936 -0.230701 -0.121889 -0.0475217 -0 
-1.08311 -1.05592 -0.914775 -0.712704 -0.520457 -0.333828 -0.185267 -0.0948628 -0.0204953 -0 
-1.13388 -1.09078 -0.925275 -0.721043 -0.506598 -0.316939 -0.14244 -0.0678365 -0 -0 
-1.17026 -1.10141 -0.932792 -0.726969 -0.497972 -0.299138 -0.122339 -0.0408102 -0 -0 
-1.19214 -1.10675 -0.937308 -0.730511 -0.499744 -0.28052 -0.121796 -0.0137839 -0 -0 
-1.19944 -1.10853 -0.938814 -0.731689 -0.500628 -0.269364 -0.121796 -0 -0 -0 
-1.19214 -1.10675 -0.937308 -0.730511 -0.499744 -0.28052 -0.121796 -0.0137839 -0 -0 
-1.17026 -1.10141 -0.932792 -0.726969 -0.497972 -0.299138 -0.122339 -0.0408102 -0 -0 
-1.13388 -1.09078 -0.925275 -0.721043 -0.506598 -0.316939 -0.14244 -0.0678365 -0 -0 
-1.08311 -1.05592 -0.914775 -0.712704 -0.520457 -0.333828 -0.185267 -0.0948628 -0.0204953 -0 
-1.0181 -1.00217 -0.901324 -0.705835 -0.53297 -0.352936 -0.230701 -0.121889 -0.0475217 -0 

-0.965489 -0.950582 -0.859201 -0.679576 -0.50272 -0.34123 -0.230583 -0.116551 -0.0418033 -0 
-1.02422 -0.999164 -0.871768 -0.689222 -0.490698 -0.323257 -0.189536 -0.0834478 -0.0180291 -0 
-1.07014 -1.03087 -0.881552 -0.696638 -0.4899 -0.307258 -0.147871 -0.0596736 -0 -0 
-1.10308 -1.04099 -0.888539 -0.701884 -0.493665 -0.290489 -0.112576 -0.0358995 -0 -0 
-1.1229 -1.04614 -0.892729 -0.70501 -0.495903 -0.274872 -0.10714 -0.0121253 -0 -0 
-1.12952 -1.04786 -0.894126 -0.706048 -0.496645 -0.273049 -0.10714 -0 -0 -0 
-1.1229 -1.04614 -0.892729 -0.70501 -0.495903 -0.274872 -0.10714 -0.0121253 -0 -0 
-1.10308 -1.04099 -0.888539 -0.701884 -0.493665 -0.290489 -0.112576 -0.0358995 -0 -0 
-1.07014 -1.03087 -0.881552 -0.696638 -0.4899 -0.307258 -0.147871 -0.0596736 -0 -0 
-1.02422 -0.999164 -0.871768 -0.689222 -0.490698 -0.323257 -0.189536 -0.0834478 -0.0180291 -0 
-0.965489 -0.950582 -0.859201 -0.679576 -0.50272 -0.34123 -0.230583 -0.116551 -0.0418033 -0 

-0.909837 -0.895868 -0.812254 -0.648615 -0.471814 -0.325177 -0.224041 -0.120173 -0.0373133 -0 
-0.963537 -0.940276 -0.823977 -0.65723 -0.47033 -0.308236 -0.186605 -0.0815009 -0.0160926 -0 
-1.00558 -0.969411 -0.833068 -0.663808 -0.474795 -0.293089 -0.148662 -0.0532642 -0 -0 
-1.03577 -0.979041 -0.839539 -0.668436 -0.477974 -0.278125 -0.116078 -0.0320436 -0 -0 
-1.05395 -0.984005 -0.843409 -0.671184 -0.479855 -0.27625 -0.0989193 -0.0108229 -0 -0 
-1.06002 -0.985665 -0.844696 -0.672094 -0.480477 -0.276676 -0.095632 -0 -0 -0 
-1.05395 -0.984005 -0.843409 -0.671184 -0.479855 -0.27625 -0.0989193 -0.0108229 -0 -0 
-1.03577 -0.979041 -0.839539 -0.668436 -0.477974 -0.278125 -0.116078 -0.0320436 -0 -0 
-1.00558 -0.969411 -0.833068 -0.663808 -0.474795 -0.293089 -0.148662 -0.0532642 -0 -0 
-0.963537 -0.940276 -0.823977 -0.65723 -0.47033 -0.308236 -0.186605 -0.0815009 -0.0160926 -0 
-0.909837 -0.895868 -0.812254 -0.648615 -0.471814 -0.325177 -0.224041 -0.120173 -0.0373133 -0 


-19.0986 -19.022 -17.5279 -14.2485 -10.8538 -7.40605 -5.1481 -3.40168 -1.64992 -0 
-20.2445 -19.9217 -17.5279 -14.2485 -10.8538 -7.40605 -4.51148 -2.76506 -1.0133 -0 
-21.1358 -20.4543 -17.5279 -14.2485 -10.8538 -7.40605 -3.96946 -2.12844 -0.376676 -0 
-21.7724 -20.4968 -17.5279 -14.2485 -10.8538 -7.40605 -3.92999 -1.49182 -0 -0 
-22.1544 -20.4968 -17.5279 -14.2485 -10.8538 -7.40605 -3.92999 -0.855204 -0 -0 
-22.2817 -20.4968 -17.5279 -14.2485 -10.8538 -7.40605 -3.92999 -0.440252 -0 -0 
-22.1544 -20.4968 -17.5279 -14.2485 -10.8538 -7.40605 -3.92999 -0.855204 -0 -0 
-21.7724 -20.4968 -17.5279 -14.2485 -10.8538 -7.40605 -3.92999 -1.49182 -0 -0 
-21.1358 -20.4543 -17.5279 -14.2485 -10.8538 -7.40605 -3.96946 -2.12844 -0.376676 -0 
-20.2445 -19.9217 -17.5279 -14.2485 -10.8538 -7.40605 -4.51148 -2.76506 -1.0133 -0 
-19.0986 -19.022 -17.5279 -14.2485 -10.8538 -7.40605 -5.1481 -3.40168 -1.64992 -0 

-4.52335 -4.50522 -4.15135 -3.37463 -2.57063 -1.75406 -1.21929 -0.805662 -0.390769 -0 
-4.79475 -4.7183 -4.15135 -3.37463 -2.57063 -1.75406 -1.06851 -0.654883 -0.239991 -0 
-5.00584 -4.84445 -4.15135 -3.37463 -2.57063 -1.75406 -0.940134 -0.504105 -0.0892127 -0 
-5.15662 -4.85449 -4.15135 -3.37463 -2.57063 -1.75406 -0.930788 -0.353327 -0 -0 
-5.24709 -4.85449 -4.15135 -3.37463 -2.57063 -1.75406 -0.930788 -0.202548 -0 -0 
-5.27724 -4.85449 -4.15135 -3.37463 -2.57063 -1.75406 -0.930788 -0.10427 -0 -0 
-5.24709 -4.85449 -4.15135 -3.37463 -2.57063 -1.75406 -0.930788 -0.202548 -0 -0 
-5.15662 -4.85449 -4.15135 -3.37463 -2.57063 -1.75406 -0.930788 -0.353327 -0 -0 
-5.00584 -4.84445 -4.15135 -3.37463 -2.57063 -1.75406 -0.940134 -0.504105 -0.0892127 -0 
-4.79475 -4.7183 -4.15135 -3.37463 -2.57063 -1.75406 -1.06851 -0.654883 -0.239991 -0 
-4.52335 -4.50522 -4.15135 -3.37463 -2.57063 -1.75406 -1.21929 -0.805662 -0.390769 -0 

-2.56548 -2.5552 -2.3545 -1.91397 -1.45797 -0.994842 -0.691535 -0.456943 -0.22163 -0 
-2.71941 -2.67605 -2.3545 -1.91397 -1.45797 -0.994842 -0.606019 -0.371426 -0.136114 -0 
-2.83913 -2.7476 -2.3545 -1.91397 -1.45797 -0.994842 -0.53321 -0.28591 -0.0505982 -0 
-2.92465 -2.7533 -2.3545 -1.91397 -1.45797 -0.994842 -0.52791 -0.200394 -0 -0 
-2.97596 -2.7533 -2.3545 -1.91397 -1.45797 -0.994842 -0.52791 -0.114878 -0 -0 
-2.99306 -2.7533 -2.3545 -1.91397 -1.45797 -0.994842 -0.52791 -0.0591383 -0 -0 
-2.97596 -2.7533 -2.3545 -1.91397 -1.45797 -0.994842 -0.52791 -0.114878 -0 -0 
-2.92465 -2.7533 -2.3545 -1.91397 -1.45797 -0.994842 -0.52791 -0.200394 -0 -0 
-2.83913 -2.7476 -2.3545 -1.91397 -1.45797 -0.994842 -0.53321 -0.28591 -0.0505982 -0 
-2.71941 -2.67605 -2.3545 -1.91397 -1.45797 -0.994842 -0.606019 -0.371426 -0.136114 -0 
-2.56548 -2.5552 -2.3545 -1.91397 -1.45797 -0.994842 -0.691535 -0.456943 -0.22163 -0 

-1.79049 -1.78331 -1.64324 -1.33579 -1.01754 -0.694317 -0.482634 -0.318908 -0.15468 -0 
-1.89792 -1.86766 -1.64324 -1.33579 -1.01754 -0.694317 -0.422951 -0.259225 -0.0949965 -0 
-1.98148 -1.91759 -1.64324 -1.33579 -1.01754 -0.694317 -0.372136 -0.199542 -0.0353134 -0 
-2.04116 -1.92157 -1.64324 -1.33579 -1.01754 -0.694317 -0.368437 -0.139859 -0 -0 
-2.07697 -1.92157 -1.64324 -1.33579 -1.01754 -0.694317 -0.368437 -0.0801754 -0 -0 
-2.08891 -1.92157 -1.64324 -1.33579 -1.01754 -0.694317 -0.368437 -0.0412736 -0 -0 
-2.07697 -1.92157 -1.64324 -1.33579 -1.01754 -0.694317 -0.368437 -0.0801754 -0 -0 
-2.04116 -1.92157 -1.64324 -1.33579 -1.01754 -0.694317 -0.368437 -0.139859 -0 -0 
-1.98148 -1.91759 -1.64324 -1.33579 -1.01754 -0.694317 -0.372136 -0.199542 -0.0353134 -0 
-1.89792 -1.86766 -1.64324 -1.33579 -1.01754 -0.694317 -0.422951 -0.259225 -0.0949965 -0 
-1.79049 -1.78331 -1.64324 -1.33579 -1.01754 -0.694317 -0.482634 -0.318908 -0.15468 -0 

-1.3751 -1.36959 -1.26201 -1.02589 -0.781472 -0.533235 -0.370663 -0.244921 -0.118794 -0 
-1.4576 -1.43436 -1.26201 -1.02589 -0.781472 -0.533235 -0.324826 -0.199085 -0.0729573 -0 
-1.52178 -1.47271 -1.26201 -1.02589 -0.781472 -0.533235 -0.285801 -0.153248 -0.0271207 -0 
-1.56761 -1.47577 -1.26201 -1.02589 -0.781472 -0.533235 -0.28296 -0.107411 -0 -0 
-1.59511 -1.47577 -1.26201 -1.02589 -0.781472 -0.533235 -0.28296 -0.0615747 -0 -0 
-1.60428 -1.47577 -1.26201 -1.02589 -0.781472 -0.533235 -0.28296 -0.0316981 -0 -0 
-1.59511 -1.47577 -1.26201 -1.02589 -0.781472 -0.533235 -0.28296 -0.0615747 -0 -0 
-1.56761 -1.47577 -1.26201 -1.02589 -0.781472 -0.533235 -0.28296 -0.107411 -0 -0 
-1.52178 -1.47271 -1.26201 -1.02589 -0.781472 -0.533235 -0.285801 -0.153248 -0.0271207 -0 
-1.4576 -1.43436 -1.26201 -1.02589 -0.781472 -0.533235 -0.324826 -0.199085 -0.0729573 -0 
-1.3751 -1.36959 -1.26201 -1.02589 -0.781472 -0.533235 -0.370663 -0.244921 -0.118794 -0 

-1.18013 -1.17092 -1.0835 -0.879007 -0.654001 -0.432821 -0.300863 -0.1988 -0.0964236 -0 
-1.25923 -1.23022 -1.08 -0.870515 -0.641036 -0.432821 -0.263658 -0.161595 -0.0592186 -0 
-1.32305 -1.26951 -1.07454 -0.860189 -0.634312 -0.432821 -0.231981 -0.12439 -0.0220135 -0 
-1.36994 -1.28028 -1.06864 -0.848109 -0.634312 -0.432821 -0.229675 -0.0871845 -0 -0 
-1.39811 -1.28594 -1.06818 -0.836363 -0.634312 -0.432821 -0.229675 -0.0499795 -0 -0 
-1.40751 -1.28783 -1.06922 -0.832702 -0.634312 -0.432821 -0.229675 -0.025729 -0 -0 
-1.39811 -1.28594 -1.06818 -0.836363 -0.634312 -0.432821 -0.229675 -0.0499795 -0 -0 
-1.36994 -1.28028 -1.06864 -0.848109 -0.634312 -0.432821 -0.229675 -0.0871845 -0 -0 
-1.32305 -1.26951 -1.07454 -0.860189 -0.634312 -0.432821 -0.231981 -0.12439 -0.0220135 -0 
-1.25923 -1.23022 -1.08 -0.870515 -0.641036 -0.432821 -0.263658 -0.161595 -0.0592186 -0 
-1.18013 -1.17092 -1.0835 -0.879007 -0.654001 -0.432821 -0.300863 -0.1988 -0.0964236 -0 

-1.16033 -1.14326 -1.03051 -0.82854 -0.635385 -0.427634 -0.268498 -0.167296 -0.0811434 -0 
-1.23345 -1.20362 -1.04487 -0.82254 -0.622512 -0.411015 -0.221968 -0.135987 -0.0498342 -0 
-1.2905 -1.24248 -1.05609 -0.827214 -0.608162 -0.393216 -0.195219 -0.104678 -0.018525 -0 
-1.33134 -1.25369 -1.06414 -0.833871 -0.592445 -0.374362 -0.193278 -0.0733684 -0 -0 
-1.35589 -1.25919 -1.06898 -0.83786 -0.581097 -0.364232 -0.193278 -0.0420592 -0 -0 
-1.36408 -1.26103 -1.07059 -0.839189 -0.580908 -0.364232 -0.193278 -0.0216517 -0 -0 
-1.35589 -1.25919 -1.06898 -0.83786 -0.581097 -0.364232 -0.193278 -0.0420592 -0 -0 
-1.33134 -1.25369 -1.06414 -0.833871 -0.592445 -0.374362 -0.193278 -0.0733684 -0 -0 
-1.2905 -1.24248 -1.05609 -0.827214 -0.608162 -0.393216 -0.195219 -0.104678 -0.018525 -0 
-1.23345 -1.20362 -1.04487 -0.82254 -0.622512 -0.411015 -0.221968 -0.135987 -0.0498342 -0 
-1.16033 -1.14326 -1.03051 -0.82854 -0.635385 -0.427634 -0.268498 -0.167296 -0.0811434 -0 

-1.10819 -1.09226 -0.991412 -0.792006 -0.600536 -0.417263 -0.275745 -0.149615 -0.0700436 -0 
-1.1732 -1.146 -1.00486 -0.802792 -0.588022 -0.401393 -0.230311 -0.117385 -0.0430173 -0 
-1.22397 -1.18087 -1.01536 -0.81113 -0.583106 -0.384505 -0.188141 -0.0903585 -0.015991 -0 
-1.26035 -1.1915 -1.02288 -0.817056 -0.58717 -0.366704 -0.168629 -0.0633322 -0 -0 
-1.28223 -1.19683 -1.0274 -0.820599 -0.589832 -0.348112 -0.166839 -0.0363058 -0 -0 
-1.28953 -1.19862 -1.0289 -0.821777 -0.590715 -0.343068 -0.166839 -0.0186899 -0 -0 
-1.28223 -1.19683 -1.0274 -0.820599 -0.589832 -0.348112 -0.166839 -0.0363058 -0 -0 
-1.26035 -1.1915 -1.02288 -0.817056 -0.58717 -0.366704 -0.168629 -0.0633322 -0 -0 
-1.22397 -1.18087 -1.01536 -0.81113 -0.583106 -0.384505 -0.188141 -0.0903585 -0.015991 -0 
-1.1732 -1.146 -1.00486 -0.802792 -0.588022 -0.401393 -0.230311 -0.117385 -0.0430173 -0 
-1.10819 -1.09226 -0.991412 -0.792006 -0.600536 -0.417263 -0.275745 -0.149615 -0.0700436 -0 

-1.04474 -1.02983 -0.938449 -0.758824 -0.562463 -0.397817 -0.270206 -0.156175 -0.0616151 -0 
-1.10347 -1.07841 -0.951015 -0.768469 -0.563788 -0.382692 -0.229159 -0.113604 -0.0378409 -0 
-1.14939 -1.11012 -0.960799 -0.775885 -0.569144 -0.366693 -0.191028 -0.0794855 -0.0140667 -0 
-1.18233 -1.12023 -0.967787 -0.781131 -0.572913 -0.352246 -0.17112 -0.0557113 -0 -0 
-1.20215 -1.12539 -0.971977 -0.784257 -0.57515 -0.35177 -0.152496 -0.0319371 -0 -0 
-1.20877 -1.12711 -0.973373 -0.785295 -0.575892 -0.352296 -0.146763 -0.0164409 -0 -0 
-1.20215 -1.12539 -0.971977 -0.784257 -0.57515 -0.35177 -0.152496 -0.0319371 -0 -0 
-1.18233 -1.12023 -0.967787 -0.781131 -0.572913 -0.352246 -0.17112 -0.0557113 -0 -0 
-1.14939 -1.11012 -0.960799 -0.775885 -0.569144 -0.366693 -0.191028 -0.0794855 -0.0140667 -0 
-1.10347 -1.07841 -0.951015 -0.768469 -0.563788 -0.382692 -0.229159 -0.113604 -0.0378409 -0 
-1.04474 -1.02983 -0.938449 -0.758824 -0.562463 -0.397817 -0.270206 -0.156175 -0.0616151 -0 

-0.980573 -0.966604 -0.88299 -0.719351 -0.53509 -0.375686 -0.259408 -0.155541 -0.0549972 -0 
-1.03427 -1.01101 -0.894712 -0.727965 -0.540989 -0.361288 -0.221973 -0.116865 -0.0337765 -0 
-1.07632 -1.04015 -0.903804 -0.734543 -0.545531 -0.346883 -0.187183 -0.0778495 -0.0125559 -0 
-1.10651 -1.04978 -0.910274 -0.739172 -0.548709 -0.345699 -0.168703 -0.0497275 -0 -0 
-1.12468 -1.05474 -0.914144 -0.741919 -0.55059 -0.346986 -0.151154 -0.0285068 -0 -0 
-1.13075 -1.0564 -0.915432 -0.74283 -0.551213 -0.347412 -0.137337 -0.0146751 -0 -0 
-1.12468 -1.05474 -0.914144 -0.741919 -0.55059 -0.346986 -0.151154 -0.0285068 -0 -0 
-1.10651 -1.04978 -0.910274 -0.739172 -0.548709 -0.345699 -0.168703 -0.0497275 -0 -0 
-1.07632 -1.04015 -0.903804 -0.734543 -0.545531 -0.346883 -0.187183 -0.0778495 -0.0125559 -0 
-1.03427 -1.01101 -0.894712 -0.727965 -0.540989 -0.361288 -0.221973 -0.116865 -0.0337765 -0 
-0.980573 -0.966604 -0.88299 -0.719351 -0.53509 -0.375686 -0.259408 -0.155541 -0.0549972 -0 


